1693168917.500728,13
1693168917.606515,20
1693168917.711066,20
1693168917.818199,20
1693168917.924822,20
1693168918.028529,20
1693168918.141327,19
1693168918.247863,14
1693168918.353802,15
1693168918.460223,16
1693168918.563582,20
1693168918.668842,19
1693168918.774871,16
1693168918.879585,18
1693168918.988048,20
1693168919.092928,20
1693168919.199851,15
1693168919.305601,11
1693168919.412134,12
1693168919.518611,14
1693168919.625025,15
1693168919.731638,17
1693168919.838367,20
1693168919.946608,17
1693168920.053155,13
1693168920.159848,14
1693168920.265863,16
1693168920.372094,18
1693168920.477992,19
1693168920.584038,20
1693168920.689306,20
1693168920.795762,20
1693168920.902404,15
1693168921.006961,15
1693168921.113466,16
1693168921.220497,17
1693168921.326734,19
1693168921.432734,19
1693168921.538587,11
1693168921.644781,13
1693168921.751444,15
1693168921.858131,16
1693168921.964626,17
1693168922.070499,20
1693168922.176534,19
1693168922.284091,20
1693168922.390503,15
1693168922.496991,15
1693168922.603220,17
1693168922.709044,18
1693168922.814885,20
1693168922.921154,20
1693168923.026886,20
1693168923.133303,15
1693168923.241218,8
1693168923.348027,11
1693168923.454125,13
1693168923.560100,15
1693168923.667483,16
1693168923.771813,17
1693168923.877765,19
1693168923.983284,20
1693168924.090061,20
1693168924.194609,13
1693168924.306791,13
1693168924.412807,19
1693168924.520466,20
1693168924.625542,14
1693168924.729832,17
1693168924.836223,19
1693168924.941824,19
1693168925.049481,16
1693168925.159372,17
1693168925.266553,20
1693168925.373155,20
1693168925.480742,20
1693168925.587002,19
1693168925.698136,9
1693168925.805968,11
1693168925.912077,13
1693168926.018089,15
1693168926.123949,16
1693168926.230104,17
1693168926.336400,19
1693168926.446758,20
1693168926.554604,20
1693168926.661635,12
1693168926.769103,14
1693168926.878267,17
1693168926.984969,18
1693168927.090928,19
1693168927.194507,20
1693168927.297459,20
1693168927.404028,12
1693168927.509113,14
1693168927.613969,16
1693168927.719785,17
1693168927.826049,19
1693168927.932189,18
1693168928.038566,20
1693168928.144971,20
1693168928.253323,12
1693168928.359616,14
1693168928.466007,16
1693168928.571873,17
1693168928.677979,18
1693168928.785013,19
1693168928.890293,19
1693168928.996135,13
1693168929.104436,15
1693168929.207753,16
1693168929.310862,17
1693168929.413870,19
1693168929.519696,20
1693168929.627474,18
1693168929.733421,12
1693168929.839387,14
1693168929.943519,16
1693168930.046442,17
1693168930.150681,18
1693168930.255349,19
1693168930.358626,19
1693168930.464974,15
1693168930.571239,17
1693168930.678421,19
1693168930.784478,17
1693168930.889290,15
1693168930.994788,13
1693168931.099618,14
1693168931.206324,15
1693168931.312293,17
1693168931.418410,18
1693168931.523713,20
1693168931.629893,20
1693168931.736601,20
1693168931.843282,12
1693168931.949552,14
1693168932.055564,16
1693168932.161651,16
1693168932.267487,18
1693168932.374103,19
1693168932.480890,19
1693168932.587412,11
1693168932.694813,14
1693168932.801410,16
1693168932.907356,17
1693168933.013371,18
1693168933.119235,19
1693168933.225086,19
1693168933.333417,12
1693168933.440143,14
1693168933.546925,15
1693168933.654124,18
1693168933.761869,19
1693168933.868650,20
1693168933.975349,20
1693168934.081595,20
1693168934.188537,13
1693168934.294609,14
1693168934.400480,16
1693168934.506360,17
1693168934.612611,19
1693168934.718919,20
1693168934.825558,20
1693168934.931403,11
1693168935.037267,13
1693168935.143224,15
1693168935.249379,16
1693168935.355308,17
1693168935.461791,18
1693168935.568476,20
1693168935.675320,20
1693168935.782025,8
1693168935.888116,11
1693168935.994655,13
1693168936.101097,20
1693168936.207386,14
1693168936.313542,17
1693168936.421064,19
1693168936.527443,8
1693168936.633740,10
1693168936.739800,12
1693168936.846108,14
1693168936.952015,15
1693168937.058585,17
1693168937.164975,18
1693168937.272317,19
1693168937.378338,19
1693168937.484498,13
1693168937.590490,15
1693168937.696822,16
1693168937.802700,18
1693168937.908627,19
1693168938.014756,20
1693168938.121285,20
1693168938.227121,11
1693168938.334862,13
1693168938.441290,14
1693168938.547476,17
1693168938.653965,18
1693168938.760169,19
1693168938.866286,19
1693168938.972193,12
1693168939.078205,14
1693168939.184476,15
1693168939.290730,18
1693168939.397483,19
1693168939.504135,20
1693168939.610784,20
1693168939.716714,20
1693168939.822742,13
1693168939.928881,15
1693168940.034891,16
1693168940.140793,18
1693168940.246597,19
1693168940.352507,19
1693168940.458669,11
1693168940.564917,13
1693168940.670831,14
1693168940.776954,16
1693168940.883104,17
1693168940.991763,19
1693168941.097831,20
1693168941.203602,20
1693168941.310251,12
1693168941.415567,13
1693168941.529052,16
1693168941.635651,20
1693168941.743687,16
1693168941.847319,18
1693168941.952085,20
1693168942.055938,20
1693168942.158729,10
1693168942.265216,11
1693168942.371810,12
1693168942.478242,14
1693168942.584928,16
1693168942.691453,17
1693168942.797639,19
1693168942.903686,19
1693168943.009506,19
1693168943.116986,11
1693168943.223195,14
1693168943.329326,15
1693168943.435058,16
1693168943.544878,18
1693168943.651114,19
1693168943.757222,20
1693168943.862920,13
1693168943.968647,15
1693168944.074696,16
1693168944.180551,18
1693168944.286728,19
1693168944.392584,20
1693168944.498420,20
1693168944.609041,20
1693168944.714983,12
1693168944.821215,14
1693168944.927010,15
1693168945.033348,17
1693168945.139183,18
1693168945.245167,19
1693168945.351178,20
1693168945.457296,10
1693168945.563190,13
1693168945.669912,15
1693168945.778490,17
1693168945.884764,19
1693168945.997177,20
1693168946.103304,20
1693168946.209259,20
1693168946.315191,13
1693168946.421394,15
1693168946.527463,16
1693168946.634386,18
1693168946.740885,19
1693168946.847649,19
1693168946.953704,20
1693168947.060045,17
1693168947.171721,12
1693168947.278304,19
1693168947.384868,15
1693168947.491194,18
1693168947.597189,17
1693168947.703403,13
1693168947.809762,14
1693168947.917468,16
1693168948.023731,18
1693168948.129933,20
1693168948.236376,20
1693168948.342351,19
1693168948.450436,12
1693168948.556624,13
1693168948.662681,16
1693168948.768885,17
1693168948.875249,18
1693168948.981281,20
1693168949.087669,19
1693168949.194262,12
1693168949.300370,14
1693168949.407122,15
1693168949.513309,17
1693168949.619531,18
1693168949.725320,19
1693168949.831158,18
1693168949.937141,11
1693168950.043008,13
1693168950.149067,16
1693168950.255120,17
1693168950.361123,18
1693168950.467685,20
1693168950.574830,19
1693168950.681732,20
1693168950.787149,14
1693168950.890447,15
1693168950.993097,17
1693168951.097926,18
1693168951.204316,19
1693168951.308602,20
1693168951.412148,20
1693168951.517731,15
1693168951.623792,8
1693168951.730659,11
1693168951.837204,12
1693168951.943699,14
1693168952.050329,16
1693168952.156676,17
1693168952.263294,19
1693168952.369834,20
1693168952.476098,20
1693168952.582717,11
1693168952.689450,20
1693168952.794683,16
1693168952.900952,17
1693168953.007251,19
1693168953.113455,11
1693168953.219471,10
1693168953.325646,12
1693168953.431547,14
1693168953.539701,16
1693168953.645923,17
1693168953.751838,19
1693168953.858431,19
1693168953.964437,19
1693168954.071032,11
1693168954.177223,13
1693168954.283634,14
1693168954.391176,16
1693168954.497070,18
1693168954.603102,18
1693168954.709103,19
1693168954.815708,11
1693168954.922336,13
1693168955.028935,16
1693168955.135763,18
1693168955.241565,19
1693168955.347542,20
1693168955.453949,20
1693168955.560825,20
1693168955.666990,12
1693168955.773860,14
1693168955.880105,16
1693168955.983905,17
1693168956.090205,18
1693168956.194205,18
1693168956.297396,11
1693168956.399887,13
1693168956.503461,15
1693168956.606617,16
1693168956.709051,17
1693168956.811555,19
1693168956.914071,20
1693168957.017647,19
1693168957.120237,12
1693168957.223404,14
1693168957.326549,15
1693168957.436888,16
1693168957.543582,18
1693168957.649448,19
1693168957.755792,17
1693168957.861856,13
1693168957.968584,15
1693168958.074557,17
1693168958.184369,20
1693168958.290027,20
1693168958.395493,20
1693168958.504054,16
1693168958.608816,18
1693168958.711715,20
1693168958.817981,19
1693168958.923905,14
1693168959.029966,12
1693168959.136091,14
1693168959.242417,15
1693168959.348658,17
1693168959.454630,18
1693168959.564599,19
1693168959.671231,19
1693168959.779293,12
1693168959.885477,15
1693168959.991843,16
1693168960.098566,17
1693168960.205735,19
1693168960.311879,20
1693168960.419119,13
1693168960.525525,13
1693168960.631289,14
1693168960.737163,16
1693168960.843284,17
1693168960.949577,18
1693168961.055450,19
1693168961.161471,19
1693168961.280842,13
1693168961.389101,15
1693168961.496114,17
1693168961.602679,18
1693168961.709693,19
1693168961.816206,20
1693168961.945325,11
1693168962.051693,13
1693168962.158422,15
1693168962.264856,16
1693168962.371379,18
1693168962.487090,19
1693168962.595009,20
1693168962.702641,13
1693168962.810828,15
1693168962.917773,16
1693168963.024311,18
1693168963.134137,19
1693168963.242669,20
1693168963.349626,20
1693168963.455811,20
1693168963.561981,13
1693168963.670359,14
1693168963.776708,16
1693168963.883001,17
1693168963.996447,17
1693168964.103117,18
1693168964.209277,14
1693168964.315371,18
1693168964.422628,20
1693168964.529080,19
1693168964.636065,15
1693168964.742586,17
1693168964.851338,15
1693168964.957979,16
1693168965.064122,17
1693168965.170885,17
1693168965.277679,19
1693168965.383926,19
1693168965.490137,11
1693168965.596059,13
1693168965.702130,15
1693168965.809045,16
1693168965.915235,17
1693168966.021597,18
1693168966.128571,19
1693168966.235738,11
1693168966.341929,15
1693168966.448311,16
1693168966.554860,18
1693168966.660858,19
1693168966.767130,20
1693168966.873499,18
1693168966.979788,13
1693168967.085946,14
1693168967.191837,16
1693168967.299338,17
1693168967.405796,19
1693168967.512632,20
1693168967.619076,20
1693168967.722008,12
1693168967.828798,13
1693168967.935636,14
1693168968.042393,16
1693168968.149321,17
1693168968.256194,19
1693168968.363158,20
1693168968.469840,20
1693168968.576653,12
1693168968.685173,15
1693168968.791257,17
1693168968.897736,18
1693168969.004322,19
1693168969.110854,20
1693168969.217435,16
1693168969.323707,13
1693168969.430452,14
1693168969.537211,16
1693168969.643783,18
1693168969.750203,18
1693168969.861107,20
1693168969.967889,19
1693168970.074043,14
1693168970.181111,17
1693168970.287588,20
1693168970.394476,20
1693168970.501074,20
1693168970.607323,14
1693168970.714228,20
1693168970.820554,14
1693168970.926602,15
1693168971.033252,17
1693168971.139602,18
1693168971.245799,19
1693168971.351914,20
1693168971.459159,13
1693168971.565264,13
1693168971.671242,15
1693168971.777326,16
1693168971.880099,16
1693168971.986640,19
1693168972.093014,20
1693168972.199320,20
1693168972.306357,7
1693168972.414520,9
1693168972.521021,11
1693168972.628403,14
1693168972.735473,17
1693168972.842007,18
1693168972.948495,19
1693168973.055726,20
1693168973.161671,20
1693168973.266989,20
1693168973.373087,13
1693168973.479207,15
1693168973.585210,16
1693168973.691515,17
1693168973.797787,18
1693168973.903935,19
1693168974.010030,20
1693168974.116306,13
1693168974.222409,13
1693168974.325465,15
1693168974.432267,16
1693168974.542033,17
1693168974.649026,19
1693168974.755589,20
1693168974.861788,20
1693168974.968301,12
1693168975.074459,13
1693168975.180447,15
1693168975.287141,16
1693168975.393229,18
1693168975.496224,19
1693168975.599910,20
1693168975.705514,13
1693168975.811069,16
1693168975.920179,20
1693168976.027203,16
1693168976.132619,17
1693168976.240576,12
1693168976.344662,13
1693168976.452305,15
1693168976.555331,15
1693168976.661453,18
1693168976.768443,19
1693168976.874431,19
1693168976.980519,12
1693168977.086660,13
1693168977.192804,15
1693168977.300250,17
1693168977.410497,19
1693168977.517959,20
1693168977.626552,20
1693168977.733283,20
1693168977.839332,13
1693168977.945203,15
1693168978.051402,15
1693168978.157499,18
1693168978.263537,17
1693168978.369675,19
1693168978.475614,11
1693168978.581500,13
1693168978.687572,15
1693168978.793395,10
1693168978.898924,0
1693168979.004406,0
1693168979.109801,0
1693168979.215214,0
1693168979.321735,0
1693168979.427549,0
1693168979.533161,0
1693168979.639152,0
1693168979.745700,0
1693168979.851402,0
1693168979.957994,0
1693168980.064097,0
1693168980.170302,0
1693168980.276335,0
1693168980.381919,0
1693168980.487445,0
1693168980.592850,0
1693168980.698311,0
1693168980.803817,0
1693168980.909296,0
1693168981.015854,0
1693168981.122592,0
1693168981.230115,0
1693168981.336202,0
1693168981.442084,0
