1694953741.642256,0
1694953741.755347,11
1694953741.867645,40
1694953742.004026,85
1694953742.170253,100
1694953742.285148,100
1694953742.399453,99
1694953742.511318,99
1694953742.624290,99
1694953742.739641,99
1694953742.859021,99
1694953742.974278,98
1694953743.093494,97
1694953743.206834,98
1694953743.329683,99
1694953743.444853,98
1694953743.561726,96
1694953743.679072,98
1694953743.790807,78
1694953743.913584,78
1694953744.025515,78
1694953744.139022,55
1694953744.307468,58
1694953744.424562,69
1694953744.698968,44
1694953744.815133,43
1694953744.931669,53
1694953745.081225,58
1694953745.228173,80
1694953745.345127,97
1694953745.461832,65
1694953745.582837,53
1694953745.696206,51
1694953745.808824,56
1694953745.923375,65
1694953746.035509,81
1694953746.149218,70
1694953746.352721,44
1694953746.479853,46
1694953746.601243,46
1694953746.727638,46
1694953746.842037,47
1694953746.956703,47
1694953747.069672,49
1694953747.182816,50
1694953747.296600,49
1694953747.411221,51
1694953747.524753,50
1694953747.640097,51
1694953747.758177,52
1694953747.906841,52
1694953748.041205,50
1694953748.172823,53
1694953748.298478,54
1694953748.474330,50
1694953748.609308,54
1694953748.731744,55
1694953748.877604,53
1694953748.992223,54
1694953749.110474,59
1694953749.223549,59
1694953749.337283,60
1694953749.449908,58
1694953749.585534,60
1694953749.699056,60
1694953749.812211,60
1694953749.924785,60
1694953750.037561,59
1694953750.155639,61
1694953750.271252,62
1694953750.490063,51
1694953750.634623,59
1694953750.785949,60
1694953750.910867,62
1694953751.022104,62
1694953751.133080,63
1694953751.243474,63
1694953751.362853,64
1694953751.475594,64
1694953751.586026,74
1694953751.696936,72
1694953751.808117,76
1694953751.919335,87
1694953752.030090,87
1694953752.139906,94
1694953752.251290,94
1694953752.362039,70
1694953752.475918,69
1694953752.604840,69
1694953752.782576,71
1694953752.942703,87
1694953753.061946,88
1694953753.182799,91
1694953753.338213,88
1694953753.464367,96
1694953753.587193,82
1694953753.726744,71
1694953753.850079,70
1694953753.965598,72
1694953754.077327,72
1694953754.305668,67
1694953754.454835,70
1694953754.582166,72
1694953754.712780,72
1694953754.842065,74
1694953754.967176,75
1694953755.105085,75
1694953755.346091,73
1694953755.525131,79
1694953755.650230,86
1694953755.858514,72
1694953755.991861,77
1694953756.109689,77
1694953756.245339,77
1694953756.359578,83
1694953756.473815,88
1694953756.588251,87
1694953756.712623,96
1694953756.827223,98
1694953756.940787,94
1694953757.055194,93
1694953757.170942,100
1694953757.299932,96
1694953757.418679,83
1694953757.534035,84
1694953757.648822,79
1694953757.765465,61
1694953757.878543,41
1694953757.997722,41
1694953758.116449,42
1694953758.230480,42
1694953758.346178,43
1694953758.460709,44
1694953758.575850,45
1694953758.702177,44
1694953758.823909,45
1694953758.979138,45
1694953759.105034,45
1694953759.233213,46
1694953759.359830,49
1694953759.483410,49
1694953759.598338,49
1694953759.714656,48
1694953759.828430,50
1694953759.939142,49
1694953760.051257,51
1694953760.161668,52
1694953760.275536,52
1694953760.390179,53
1694953760.509132,51
1694953760.621695,53
1694953760.733329,54
1694953760.845199,54
1694953760.958083,53
1694953761.070999,55
1694953761.183970,55
1694953761.296862,57
1694953761.408921,57
1694953761.521310,54
1694953761.633985,56
1694953761.747023,56
1694953761.859287,57
1694953761.970263,57
1694953762.082531,58
1694953762.197518,60
1694953762.308568,60
1694953762.418759,62
1694953762.531201,60
1694953762.644966,63
1694953762.758309,70
1694953762.868530,69
1694953762.979143,72
1694953763.091121,81
1694953763.201785,82
1694953763.315606,91
1694953763.432424,87
1694953763.547722,66
1694953763.805639,61
1694953763.943352,71
1694953764.078636,71
1694953764.191260,83
1694953764.303290,87
1694953764.417430,94
1694953764.533474,93
1694953764.646335,69
1694953764.761035,69
1694953764.874044,69
1694953764.986731,70
1694953765.100134,79
1694953765.212853,78
1694953765.326670,78
1694953765.440946,90
1694953765.554330,96
1694953765.666839,91
1694953765.810771,77
1694953765.933469,78
1694953766.050693,72
1694953766.169981,71
1694953766.295438,71
1694953766.414797,71
1694953766.553092,72
1694953766.681963,71
1694953766.807984,72
1694953766.943963,71
1694953767.059476,72
1694953767.173790,72
1694953767.302382,74
1694953767.421932,73
1694953767.540995,74
1694953767.660362,75
1694953767.773647,76
1694953767.885991,76
1694953767.998358,76
1694953768.110744,76
1694953768.226066,77
1694953768.340977,76
1694953768.452887,78
1694953768.565412,78
1694953768.677441,78
1694953768.792897,78
1694953768.904044,79
1694953769.016442,79
1694953769.129669,78
1694953769.241954,78
1694953769.354488,79
1694953769.465937,80
1694953769.577903,80
1694953769.690169,82
1694953769.802868,81
1694953769.914354,82
1694953770.025719,83
1694953770.137284,82
1694953770.249865,81
1694953770.363006,84
1694953770.478556,83
1694953770.590639,84
1694953770.702127,84
1694953770.814840,86
1694953770.928041,83
1694953771.043117,84
1694953771.184076,78
1694953771.298239,84
1694953771.412394,85
1694953771.523586,96
1694953771.633724,98
1694953771.745107,97
1694953771.943041,93
1694953772.058917,96
1694953772.172766,95
1694953772.283496,93
1694953772.421521,78
1694953772.535681,53
1694953772.645765,54
1694953772.756591,56
1694953772.868910,52
1694953772.979603,47
1694953773.094053,45
1694953773.205293,54
1694953773.315204,57
1694953773.428446,65
1694953773.541103,81
1694953773.651481,76
1694953773.764258,51
1694953773.875007,49
1694953774.015354,56
1694953774.203589,59
1694953774.365594,68
1694953774.507575,78
1694953774.631489,64
1694953774.750423,51
1694953774.869718,52
1694953774.986524,52
1694953775.109263,51
1694953775.230409,52
1694953775.352582,53
1694953775.472774,54
1694953775.596193,55
1694953775.717278,54
1694953775.837807,54
1694953776.096546,50
1694953776.247158,51
1694953776.378642,55
1694953776.534359,50
1694953776.650680,57
1694953776.801615,56
1694953776.922246,58
1694953777.100221,49
1694953777.294300,57
1694953777.413398,66
1694953777.549478,60
1694953777.676042,60
1694953777.799116,59
1694953777.920818,60
1694953778.044372,61
1694953778.169303,62
1694953778.285000,62
1694953778.465061,56
1694953778.619250,62
1694953778.746252,61
1694953778.873456,61
1694953779.060826,58
1694953779.305290,59
1694953779.486004,59
1694953779.615585,65
1694953779.734833,63
1694953779.852596,64
1694953779.967637,78
1694953780.091498,87
1694953780.205387,86
1694953780.325070,99
1694953780.438344,96
1694953780.723620,96
1694953780.877372,66
1694953781.000660,35
1694953781.120409,42
1694953781.239928,57
1694953781.364133,66
1694953781.483172,56
1694953781.610869,40
1694953781.730893,45
1694953781.846773,48
1694953782.067523,57
1694953782.337474,68
1694953782.476778,46
1694953782.629884,42
1694953782.818629,38
1694953782.947639,40
1694953783.075934,41
1694953783.203608,42
1694953783.357843,41
1694953783.488811,43
1694953783.630072,42
1694953783.762778,43
1694953783.913081,45
1694953784.086949,38
1694953784.205963,46
1694953784.326167,47
1694953784.450769,45
1694953784.571258,46
1694953784.689185,49
1694953784.807471,47
1694953784.966953,46
1694953785.097817,49
1694953785.218936,49
1694953785.346489,51
1694953785.465551,50
1694953785.581927,51
1694953785.697767,51
1694953785.815152,52
1694953785.938964,52
1694953786.103045,51
1694953786.221617,54
1694953786.394832,49
1694953786.511482,54
1694953786.662313,54
1694953786.786093,55
1694953786.910671,57
1694953787.040515,55
1694953787.163656,57
1694953787.294203,58
1694953787.437094,54
1694953787.557753,57
1694953787.689702,61
1694953787.806640,67
1694953787.919336,71
1694953788.051833,69
1694953788.195878,81
1694953788.358582,82
1694953788.557065,84
1694953788.870027,61
1694953788.998340,65
1694953789.117787,67
1694953789.235856,68
1694953789.454547,65
1694953789.614191,84
1694953789.729885,85
1694953789.844645,92
1694953789.962649,87
1694953790.080903,65
1694953790.198962,65
1694953790.317626,76
1694953790.435598,74
1694953790.582970,73
1694953790.731084,82
1694953790.856015,98
1694953791.146794,85
1694953791.412341,81
1694953791.529816,73
1694953791.659216,69
1694953791.780973,71
1694953791.902644,69
1694953792.025966,69
1694953792.145996,70
1694953792.269633,69
1694953792.391457,69
1694953792.512319,69
1694953792.643081,65
1694953792.771132,71
1694953792.925671,68
1694953793.039486,73
1694953793.210194,71
1694953793.344920,71
1694953793.469745,72
1694953793.586455,71
1694953793.720480,72
1694953793.834816,74
1694953793.954650,73
1694953794.068012,76
1694953794.186071,74
1694953794.304037,75
1694953794.425679,76
1694953794.539144,76
1694953794.653070,77
1694953794.765858,76
1694953794.884102,76
1694953795.041865,74
1694953795.179450,76
1694953795.303940,77
1694953795.419328,77
1694953795.536193,78
1694953795.664431,78
1694953795.782824,78
1694953795.902750,80
1694953796.058556,74
1694953796.173818,78
1694953796.293399,79
1694953796.411658,79
1694953796.530762,80
1694953796.661025,81
1694953796.785971,80
1694953796.907222,81
1694953797.021733,93
1694953797.136921,99
1694953797.254901,97
1694953797.371092,99
1694953797.489990,99
1694953797.615261,90
1694953797.789685,87
1694953797.907183,55
1694953798.021048,44
1694953798.136369,44
1694953798.307442,44
1694953798.437840,59
1694953798.571932,71
1694953798.710804,75
1694953798.892006,51
1694953799.010629,49
1694953799.129365,56
1694953799.269498,65
1694953799.498407,55
1694953799.608245,78
1694953799.720318,78
1694953799.834571,70
1694953799.949790,50
1694953800.100844,45
1694953800.293055,50
1694953800.427261,48
1694953800.571135,50
1694953800.704116,48
1694953800.827417,51
1694953800.942504,51
1694953801.069989,50
1694953801.187128,53
1694953801.306853,51
1694953801.423205,53
1694953801.541080,53
1694953801.659191,54
1694953801.774555,55
1694953801.893034,56
1694953802.008477,57
1694953802.129724,54
1694953802.249064,56
1694953802.368338,58
1694953802.487617,58
1694953802.597957,59
1694953802.709023,60
1694953802.824442,60
1694953802.935146,58
1694953803.046891,60
1694953803.157986,59
1694953803.268624,60
1694953803.379103,62
1694953803.489829,60
1694953803.601884,64
1694953803.713446,63
1694953803.825016,64
1694953803.936535,64
1694953804.047237,63
1694953804.158975,63
1694953804.269594,63
1694953804.379462,63
1694953804.492487,66
1694953804.603352,65
1694953804.715662,67
1694953804.826889,67
