1694952265.410045,0
1694952265.528814,19
1694952265.641652,52
1694952265.752298,82
1694952265.974320,100
1694952266.098292,100
1694952266.222550,100
1694952266.345391,99
1694952266.486444,100
1694952266.597372,98
1694952266.710270,96
1694952266.869747,93
1694952267.007419,87
1694952267.122774,100
1694952267.234050,98
1694952267.347389,97
1694952267.465814,99
1694952267.577838,100
1694952267.695463,97
1694952267.822405,95
1694952267.935514,99
1694952268.049435,76
1694952268.162100,66
1694952268.280912,50
1694952268.394123,44
1694952268.512815,44
1694952268.646524,43
1694952268.788785,44
1694952269.081287,39
1694952269.205425,46
1694952269.361808,45
1694952269.501511,46
1694952269.625583,50
1694952269.740357,50
1694952269.872415,51
1694952270.029657,53
1694952270.142715,53
1694952270.256399,49
1694952270.383398,46
1694952270.499373,48
1694952270.618082,54
1694952270.773855,54
1694952270.900763,67
1694952271.021521,78
1694952271.143023,70
1694952271.296953,47
1694952271.418434,52
1694952271.540175,58
1694952271.691917,60
1694952271.817906,70
1694952271.946735,74
1694952272.063846,79
1694952272.246919,52
1694952272.382619,50
1694952272.510440,52
1694952272.624801,52
1694952272.742898,54
1694952272.859484,54
1694952272.977896,55
1694952273.094560,54
1694952273.214777,56
1694952273.361387,51
1694952273.506793,53
1694952273.663295,51
1694952273.791545,55
1694952273.913888,56
1694952274.037471,59
1694952274.158007,59
1694952274.276529,59
1694952274.403751,59
1694952274.525120,59
1694952274.643854,59
1694952274.762587,61
1694952274.913926,59
1694952275.033933,61
1694952275.160225,62
1694952275.277100,62
1694952275.396505,63
1694952275.517095,63
1694952275.638282,63
1694952275.766015,64
1694952275.890351,66
1694952276.015966,65
1694952276.141737,64
1694952276.269847,65
1694952276.386941,66
1694952276.506034,66
1694952276.624421,67
1694952276.747615,66
1694952276.876283,66
1694952276.993754,69
1694952277.114328,68
1694952277.230773,68
1694952277.349950,70
1694952277.469707,68
1694952277.587137,76
1694952277.705052,80
1694952277.823556,84
1694952277.942553,92
1694952278.056958,96
1694952278.168584,94
1694952278.281505,76
1694952278.392466,75
1694952278.505365,55
1694952278.620982,38
1694952278.731234,48
1694952278.840089,59
1694952278.950409,77
1694952279.065361,92
1694952279.180311,57
1694952279.290943,39
1694952279.401322,41
1694952279.513259,41
1694952279.624344,42
1694952279.735938,43
1694952279.867201,43
1694952279.999036,44
1694952280.121565,44
1694952280.246816,55
1694952280.369263,54
1694952280.589327,64
1694952280.715182,77
1694952280.839391,77
1694952280.960815,48
1694952281.078748,46
1694952281.197906,47
1694952281.323460,47
1694952281.449779,48
1694952281.564651,48
1694952281.674961,49
1694952281.789229,51
1694952281.903369,50
1694952282.017944,52
1694952282.128750,51
1694952282.241129,51
1694952282.355453,53
1694952282.467633,54
1694952282.581731,53
1694952282.697889,53
1694952282.810661,53
1694952282.923153,54
1694952283.034754,54
1694952283.148308,55
1694952283.260491,56
1694952283.374508,55
1694952283.486853,58
1694952283.601721,57
1694952283.713793,58
1694952283.832029,58
1694952283.944432,59
1694952284.055873,60
1694952284.168817,60
1694952284.280835,61
1694952284.393425,60
1694952284.505490,61
1694952284.616755,64
1694952284.727600,59
1694952284.838848,61
1694952284.950289,62
1694952285.066061,63
1694952285.178269,63
1694952285.290238,64
1694952285.402021,65
1694952285.513967,66
1694952285.624613,66
1694952285.735499,67
1694952285.853600,69
1694952286.012652,65
1694952286.137502,67
1694952286.254852,73
1694952286.437152,69
1694952286.547927,78
1694952286.660065,88
1694952286.772399,88
1694952287.032120,97
1694952287.150028,96
1694952287.277957,73
1694952287.397015,70
1694952287.553125,46
1694952287.666017,45
1694952287.787565,55
1694952287.900811,66
1694952288.022619,45
1694952288.133854,39
1694952288.246892,48
1694952288.359475,57
1694952288.476059,80
1694952288.614187,94
1694952288.791626,79
1694952288.922745,50
1694952289.045672,40
1694952289.168032,40
1694952289.295492,40
1694952289.454749,36
1694952289.591085,42
1694952289.706544,41
1694952289.821764,44
1694952289.934917,45
1694952290.049319,45
1694952290.158842,47
1694952290.268927,46
1694952290.380578,49
1694952290.491709,47
1694952290.605166,49
1694952290.718883,49
1694952290.830622,49
1694952290.941029,50
1694952291.054179,49
1694952291.170369,51
1694952291.290022,52
1694952291.406885,51
1694952291.522205,51
1694952291.649123,51
1694952291.769416,53
1694952291.886976,53
1694952292.008072,54
1694952292.131420,53
1694952292.262209,55
1694952292.381812,56
1694952292.510772,54
1694952292.631853,54
1694952292.751132,57
1694952292.866495,58
1694952292.988426,57
1694952293.104464,57
1694952293.219298,58
1694952293.402102,56
1694952293.531850,59
1694952293.657964,57
1694952293.827248,53
1694952294.045483,58
1694952294.293147,51
1694952294.407312,73
1694952294.522543,72
1694952294.652648,83
1694952294.771971,84
1694952294.891156,84
1694952295.039484,88
1694952295.204719,75
1694952295.381820,60
1694952295.500918,65
1694952295.624722,71
1694952295.744530,74
1694952295.872252,85
1694952295.996513,86
1694952296.131075,93
1694952296.253790,92
1694952296.375420,64
1694952296.500774,67
1694952296.621666,73
1694952296.739996,76
1694952296.861719,76
1694952297.112029,92
1694952297.301687,83
1694952297.434063,93
1694952297.554219,92
1694952297.669131,76
1694952297.784229,76
1694952297.898322,68
1694952298.011346,71
1694952298.127423,70
1694952298.241146,71
1694952298.355537,70
1694952298.470377,72
1694952298.587240,71
1694952298.703222,72
1694952298.821210,74
1694952298.937476,72
1694952299.049488,72
1694952299.166370,73
1694952299.282570,75
1694952299.399458,74
1694952299.515146,74
1694952299.634215,76
1694952299.778290,73
1694952299.911390,75
1694952300.035696,77
1694952300.157865,75
1694952300.272898,76
1694952300.385032,76
1694952300.499331,76
1694952300.615300,79
1694952300.727541,78
1694952300.843275,78
1694952300.957797,79
1694952301.073245,79
1694952301.188097,80
1694952301.301932,79
1694952301.415168,78
1694952301.531602,80
1694952301.645483,81
1694952301.759868,82
1694952301.876963,81
1694952301.990631,82
1694952302.106752,82
1694952302.222683,81
1694952302.336328,82
1694952302.448941,82
1694952302.563393,83
1694952302.677675,83
1694952302.792378,84
1694952302.909461,86
1694952303.036160,86
1694952303.148724,86
1694952303.337496,75
1694952303.469740,94
1694952303.588807,96
1694952303.706965,99
1694952303.889205,96
1694952304.020969,96
1694952304.161480,86
1694952304.301866,50
1694952304.420206,35
1694952304.645440,19
1694952304.791119,34
1694952304.954415,50
1694952305.069987,82
1694952305.184983,29
1694952305.299517,33
1694952305.411563,36
1694952305.527358,46
1694952305.664654,55
1694952305.782856,30
1694952305.900992,30
1694952306.018023,29
1694952306.138134,28
1694952306.360593,27
1694952306.594140,30
1694952306.769076,28
1694952306.887244,31
1694952307.004280,35
1694952307.123512,35
1694952307.241591,36
1694952307.353614,38
1694952307.465617,37
1694952307.576841,40
1694952307.687603,41
1694952307.800604,40
1694952307.911588,40
1694952308.024226,40
1694952308.136810,41
1694952308.249831,41
1694952308.465141,37
1694952308.589341,42
1694952308.713674,43
1694952308.838882,43
1694952308.960685,44
1694952309.082965,44
1694952309.206173,45
1694952309.327307,46
1694952309.443538,47
1694952309.556919,48
1694952309.674943,50
1694952309.788751,48
1694952309.900305,49
1694952310.014574,50
1694952310.130276,50
1694952310.242255,51
1694952310.354590,52
1694952310.466724,52
1694952310.579837,53
1694952310.694292,53
1694952310.815945,52
1694952310.926199,56
1694952311.037043,61
1694952311.189090,62
1694952311.308941,75
1694952311.430265,81
1694952311.543169,86
1694952311.671178,57
1694952311.786103,57
1694952312.042216,52
1694952312.172826,68
1694952312.339340,66
1694952312.460736,76
1694952312.571638,87
1694952312.683254,86
1694952312.805238,59
1694952312.915853,61
1694952313.026535,65
1694952313.141403,70
1694952313.256387,70
1694952313.399012,75
1694952313.519493,89
1694952313.644742,88
1694952313.778651,61
1694952313.892000,60
1694952314.007822,57
1694952314.214712,62
1694952314.334185,62
1694952314.464572,62
1694952314.574363,64
1694952314.686964,63
1694952314.799013,64
1694952314.912868,65
1694952315.059700,65
1694952315.246731,56
1694952315.367445,64
1694952315.532729,62
1694952315.662734,63
1694952315.792542,66
1694952315.913498,66
1694952316.039839,67
1694952316.160836,66
1694952316.273309,68
1694952316.386401,67
1694952316.506929,68
1694952316.619026,70
1694952316.733026,71
1694952316.845977,70
1694952316.958668,70
1694952317.080335,72
1694952317.237851,66
1694952317.363192,71
1694952317.486163,70
1694952317.611609,70
1694952317.753651,72
1694952317.887246,73
1694952318.014443,72
1694952318.145092,73
1694952318.261596,73
1694952318.378086,75
1694952318.489776,75
1694952318.601253,76
1694952318.711675,75
1694952318.822572,75
1694952318.933820,75
1694952319.084117,83
1694952319.233840,95
1694952319.402537,94
1694952319.667927,97
1694952319.811190,98
1694952319.969945,100
1694952320.229492,91
1694952320.392628,88
1694952320.524612,68
1694952320.650317,45
1694952320.769067,41
1694952320.886548,48
1694952321.161050,55
1694952321.286450,76
1694952321.409018,66
1694952321.537510,44
1694952321.662657,52
1694952321.788658,64
1694952321.915060,84
1694952322.037742,99
1694952322.152736,84
1694952322.262919,47
1694952322.375506,35
1694952322.485859,26
1694952322.602193,23
1694952322.712740,26
1694952322.825779,27
1694952322.937278,27
1694952323.049312,29
1694952323.158977,30
1694952323.268579,32
1694952323.380194,34
1694952323.490169,32
1694952323.602726,34
1694952323.715171,34
1694952323.827166,33
1694952323.939117,34
1694952324.052511,35
1694952324.164830,35
1694952324.305734,36
1694952324.482522,35
1694952324.611628,37
1694952324.740962,38
1694952324.906015,36
1694952325.023423,42
1694952325.135967,40
1694952325.248252,40
1694952325.360623,40
1694952325.477016,41
1694952325.590988,43
1694952325.704848,44
1694952325.819305,43
1694952325.933855,44
1694952326.048939,43
1694952326.164876,47
1694952326.324154,43
1694952326.529955,35
1694952326.649739,48
1694952326.767207,48
1694952326.892697,49
1694952327.001743,50
1694952327.113920,50
1694952327.329228,48
1694952327.462821,50
