1693145256.816711,0
1693145256.925360,16
1693145257.034064,43
1693145257.142881,77
1693145257.251360,100
1693145257.360224,100
1693145257.469322,100
1693145257.578844,100
1693145257.688216,99
1693145257.797937,99
1693145257.906114,99
1693145258.012877,99
1693145258.119333,97
1693145258.226808,99
1693145258.334296,98
1693145258.441246,63
1693145258.547599,98
1693145258.654666,99
1693145258.760622,98
1693145258.867859,99
1693145258.975135,87
1693145259.082161,63
1693145259.189183,67
1693145259.296228,50
1693145259.404487,44
1693145259.511872,43
1693145259.619495,40
1693145259.726858,41
1693145259.833965,41
1693145259.941506,42
1693145260.049227,42
1693145260.157331,43
1693145260.264978,43
1693145260.373275,44
1693145260.480627,44
1693145260.588012,45
1693145260.696316,45
1693145260.805144,46
1693145260.913470,48
1693145261.021619,46
1693145261.129509,47
1693145261.237399,49
1693145261.345561,48
1693145261.453498,49
1693145261.561178,50
1693145261.669334,51
1693145261.777452,51
1693145261.885257,51
1693145261.993782,52
1693145262.102177,52
1693145262.210160,52
1693145262.318105,53
1693145262.426305,53
1693145262.534209,54
1693145262.641897,54
1693145262.749645,55
1693145262.857373,56
1693145262.965223,56
1693145263.073938,57
1693145263.181914,56
1693145263.289904,56
1693145263.398329,57
1693145263.504369,57
1693145263.611897,58
1693145263.719240,58
1693145263.826705,58
1693145263.934428,59
1693145264.041296,59
1693145264.148556,59
1693145264.255811,61
1693145264.363668,61
1693145264.472392,62
1693145264.580735,62
1693145264.688834,62
1693145264.797715,63
1693145264.906230,62
1693145265.014016,62
1693145265.121709,63
1693145265.229292,63
1693145265.337065,63
1693145265.444867,63
1693145265.552534,65
1693145265.660164,65
1693145265.767883,65
1693145265.875638,66
1693145265.983326,65
1693145266.091015,67
1693145266.198423,66
1693145266.306329,68
1693145266.414817,68
1693145266.523578,68
1693145266.631188,68
1693145266.740009,68
1693145266.847706,68
1693145266.956367,68
1693145267.063765,69
1693145267.172429,70
1693145267.281155,70
1693145267.389849,71
1693145267.498196,71
1693145267.606952,71
1693145267.713221,72
1693145267.819534,72
1693145267.925880,72
1693145268.033249,73
1693145268.141344,73
1693145268.249344,72
1693145268.357297,73
1693145268.464805,73
1693145268.572155,73
1693145268.680265,75
1693145268.788450,75
1693145268.895966,75
1693145269.004154,75
1693145269.112101,76
1693145269.220025,76
1693145269.328105,76
1693145269.436547,77
1693145269.545398,77
1693145269.653573,77
1693145269.760778,78
1693145269.867782,77
1693145269.974861,77
1693145270.082135,77
1693145270.190571,79
1693145270.298917,79
1693145270.407279,80
1693145270.515457,80
1693145270.623977,80
1693145270.732161,80
1693145270.840147,80
1693145270.948271,81
1693145271.056338,80
1693145271.164522,81
1693145271.272558,82
1693145271.380622,82
1693145271.488599,81
1693145271.595773,82
1693145271.702872,83
1693145271.811182,82
1693145271.919709,84
1693145272.028039,84
1693145272.136177,84
1693145272.245252,84
1693145272.354804,85
1693145272.463361,85
1693145272.571612,85
1693145272.679864,87
1693145272.788017,86
1693145272.896131,86
1693145273.004865,87
1693145273.113305,87
1693145273.221449,87
1693145273.329609,88
1693145273.438348,87
1693145273.546829,88
1693145273.655337,88
1693145273.764458,88
1693145273.872668,90
1693145273.980997,89
1693145274.090686,88
1693145274.199386,89
1693145274.307995,89
1693145274.416823,90
1693145274.525486,91
1693145274.633839,92
1693145274.741604,90
1693145274.849564,92
1693145274.957104,91
1693145275.064846,91
1693145275.172250,91
1693145275.280802,92
1693145275.390672,92
1693145275.499735,92
1693145275.607913,92
1693145275.716375,93
1693145275.824751,93
1693145275.933516,94
1693145276.041844,94
1693145276.150238,95
1693145276.257758,94
1693145276.367272,95
1693145276.475107,94
1693145276.583557,95
1693145276.692365,95
1693145276.801531,95
1693145276.910819,96
1693145277.019015,96
1693145277.126897,96
1693145277.234685,96
1693145277.342483,97
1693145277.450352,98
1693145277.558556,98
1693145277.666501,98
1693145277.774501,97
1693145277.882488,98
1693145277.989979,98
1693145278.097181,98
1693145278.204308,98
1693145278.311681,97
1693145278.418880,97
1693145278.526023,99
1693145278.633591,99
1693145278.742262,98
1693145278.850209,97
1693145278.959005,98
1693145279.067712,94
1693145279.176488,56
1693145279.284641,50
1693145279.392816,51
1693145279.501117,51
1693145279.608546,51
1693145279.716809,52
1693145279.824928,52
1693145279.933485,53
1693145280.041720,53
1693145280.149358,54
1693145280.257808,54
1693145280.365126,55
1693145280.472645,56
1693145280.579903,56
1693145280.687140,57
1693145280.794343,57
1693145280.902248,56
1693145281.009839,57
1693145281.117336,57
1693145281.224492,58
1693145281.331605,57
1693145281.438709,58
1693145281.545615,58
1693145281.652659,59
1693145281.759602,59
1693145281.867460,59
1693145281.975377,61
1693145282.084004,61
1693145282.191130,61
1693145282.298231,62
1693145282.405217,62
1693145282.512192,63
1693145282.619092,62
1693145282.725966,63
1693145282.833495,63
1693145282.941661,63
1693145283.049878,64
1693145283.157939,64
1693145283.266446,64
1693145283.374971,65
1693145283.482968,66
1693145283.590855,67
1693145283.698526,67
1693145283.806381,67
1693145283.914095,68
1693145284.023144,68
1693145284.130978,68
1693145284.238739,70
1693145284.346561,68
1693145284.454220,68
1693145284.561940,69
1693145284.669710,69
1693145284.777743,69
1693145284.884879,69
1693145284.991951,71
1693145285.098784,71
1693145285.205805,72
1693145285.314224,72
1693145285.421538,72
1693145285.529312,72
1693145285.637111,73
1693145285.744908,73
1693145285.852741,73
1693145285.959831,75
1693145286.067581,73
1693145286.174706,73
1693145286.281743,74
1693145286.388791,74
1693145286.495984,75
1693145286.603576,75
1693145286.711496,75
1693145286.819284,76
1693145286.926788,77
1693145287.033884,77
1693145287.142163,77
1693145287.250212,78
1693145287.358287,78
1693145287.466338,78
1693145287.574235,79
1693145287.682144,79
1693145287.790182,78
1693145287.898124,78
1693145288.005948,80
1693145288.113907,81
1693145288.222076,80
1693145288.331298,81
1693145288.439757,81
1693145288.547964,82
1693145288.656077,81
1693145288.764038,82
1693145288.874645,82
1693145288.982667,82
1693145289.092232,84
1693145289.200999,83
1693145289.309622,83
1693145289.417928,82
1693145289.526641,83
1693145289.635262,83
1693145289.743262,85
1693145289.850361,84
1693145289.957431,85
1693145290.064436,85
1693145290.172389,85
1693145290.279292,86
1693145290.386702,86
1693145290.494336,86
1693145290.601497,86
1693145290.708908,87
1693145290.816109,87
1693145290.923897,87
1693145291.030967,87
1693145291.138983,88
1693145291.246050,89
1693145291.353958,88
1693145291.461436,88
1693145291.568796,88
1693145291.676113,88
1693145291.783476,88
1693145291.891585,88
1693145291.998718,90
1693145292.106106,90
1693145292.213446,90
1693145292.320543,90
1693145292.429144,91
1693145292.537557,91
1693145292.645865,91
1693145292.753552,91
1693145292.860822,92
1693145292.967969,92
1693145293.076390,92
1693145293.184395,93
1693145293.292139,93
1693145293.400057,95
1693145293.507984,94
1693145293.615914,95
1693145293.723884,94
1693145293.831684,95
1693145293.939747,94
1693145294.047658,94
1693145294.155735,95
1693145294.264106,95
1693145294.372140,96
1693145294.480475,95
1693145294.588409,96
1693145294.696625,96
1693145294.804683,96
1693145294.912872,98
1693145295.021459,97
1693145295.129501,98
1693145295.237432,97
1693145295.345771,97
1693145295.454326,97
1693145295.562963,98
1693145295.671251,98
1693145295.779375,98
1693145295.888003,97
1693145295.996157,98
1693145296.104124,99
1693145296.212023,99
1693145296.319903,97
1693145296.428342,98
1693145296.536233,98
1693145296.644141,93
1693145296.751981,52
1693145296.859789,50
1693145296.968395,50
1693145297.076406,51
1693145297.184295,52
1693145297.292513,51
1693145297.400821,51
1693145297.509290,53
1693145297.616751,52
1693145297.724165,54
1693145297.831421,54
1693145297.939227,55
1693145298.046850,56
1693145298.154636,56
1693145298.262211,57
1693145298.369767,56
1693145298.477354,56
1693145298.585061,57
1693145298.692417,57
1693145298.801217,58
1693145298.909866,58
1693145299.018970,58
1693145299.127270,59
1693145299.235091,59
1693145299.342839,61
1693145299.450517,61
1693145299.558119,61
1693145299.665825,62
1693145299.773926,62
1693145299.881448,63
1693145299.988949,62
1693145300.098012,62
1693145300.206680,62
1693145300.315220,63
1693145300.422580,63
1693145300.530377,64
1693145300.641169,64
1693145300.749713,64
1693145300.858172,66
1693145300.966963,66
1693145301.075710,66
1693145301.183278,68
1693145301.290509,67
1693145301.397859,67
1693145301.505153,68
1693145301.612490,68
1693145301.720676,67
1693145301.828911,68
1693145301.936686,68
1693145302.045411,68
1693145302.153812,69
1693145302.262170,70
1693145302.370325,70
1693145302.477922,71
1693145302.585347,71
1693145302.693501,72
1693145302.800923,71
1693145302.908317,72
1693145303.015719,73
1693145303.124214,73
1693145303.232295,72
1693145303.339562,73
1693145303.447805,73
1693145303.556000,73
1693145303.663926,74
1693145303.772426,75
1693145303.881459,75
1693145303.989773,75
1693145304.097284,76
1693145304.205115,77
1693145304.312638,76
1693145304.420139,77
1693145304.527585,78
1693145304.635207,77
1693145304.742648,77
1693145304.850186,76
1693145304.957721,77
1693145305.065864,78
1693145305.173798,78
1693145305.281497,79
1693145305.389458,79
1693145305.497819,80
1693145305.605452,79
1693145305.712958,81
1693145305.820638,80
1693145305.928321,80
1693145306.035882,80
1693145306.143484,81
1693145306.250922,81
1693145306.358276,81
1693145306.465649,82
1693145306.573088,82
1693145306.680393,82
1693145306.787717,81
1693145306.895110,82
1693145307.002545,81
1693145307.109860,82
1693145307.217649,84
1693145307.325660,83
1693145307.434497,84
1693145307.542135,86
1693145307.649689,85
1693145307.757233,85
1693145307.864822,86
1693145307.972447,86
1693145308.079934,86
1693145308.187943,86
1693145308.296092,87
1693145308.404460,87
1693145308.513339,87
1693145308.621528,87
1693145308.729275,88
1693145308.837780,88
1693145308.945852,88
1693145309.053471,88
1693145309.161669,89
1693145309.269350,89
1693145309.377004,89
1693145309.484668,89
1693145309.592312,90
1693145309.699870,90
1693145309.807423,90
1693145309.915063,90
1693145310.022641,91
1693145310.130235,91
1693145310.237747,92
1693145310.345286,91
1693145310.452954,92
1693145310.560668,93
1693145310.668067,93
1693145310.775507,92
1693145310.882871,93
1693145310.990361,93
1693145311.098387,94
1693145311.205772,93
1693145311.313624,94
1693145311.421627,94
1693145311.529462,94
1693145311.637318,94
1693145311.745256,95
1693145311.852653,94
1693145311.959979,96
1693145312.067310,97
1693145312.174721,97
1693145312.281978,97
1693145312.389276,98
1693145312.496761,96
1693145312.604249,97
1693145312.711731,98
1693145312.819154,97
1693145312.926577,97
1693145313.034062,97
1693145313.141554,98
1693145313.249574,98
1693145313.357102,98
1693145313.464573,97
1693145313.572389,100
1693145313.680178,99
1693145313.787845,98
1693145313.895642,71
1693145314.003311,50
1693145314.111100,50
1693145314.218644,51
1693145314.328467,51
1693145314.438222,51
1693145314.546569,52
1693145314.655123,52
1693145314.763115,53
1693145314.870797,53
1693145314.978533,56
1693145315.086188,55
1693145315.193721,55
1693145315.301437,56
1693145315.409155,55
1693145315.517032,56
1693145315.624779,56
1693145315.732821,56
1693145315.840517,57
1693145315.948182,58
1693145316.056134,57
1693145316.163550,58
1693145316.270938,58
1693145316.379663,59
1693145316.486910,61
1693145316.594813,61
1693145316.702284,61
1693145316.809628,62
1693145316.917268,62
1693145317.024665,62
1693145317.132359,64
1693145317.241017,62
1693145317.348977,62
1693145317.457474,64
1693145317.565538,63
1693145317.673331,64
1693145317.782163,64
1693145317.889671,63
1693145317.997240,64
1693145318.104861,64
1693145318.212241,64
1693145318.319573,65
1693145318.427132,65
1693145318.534627,65
1693145318.642060,67
1693145318.749562,66
1693145318.857680,67
1693145318.965707,67
1693145319.074613,67
1693145319.182906,67
1693145319.291242,68
1693145319.401307,68
1693145319.509108,68
1693145319.617393,69
1693145319.726137,69
1693145319.834477,69
1693145319.942862,70
1693145320.049699,44
1693145320.157816,0
1693145320.263308,0
1693145320.369628,0
1693145320.475718,0
1693145320.581933,0
1693145320.688267,0
1693145320.795725,0
1693145320.901317,0
1693145321.006774,0
1693145321.112322,0
1693145321.217895,0
1693145321.324566,0
1693145321.430835,0
1693145321.537114,0
1693145321.643345,0
1693145321.749542,0
1693145321.855982,0
1693145321.962538,0
1693145322.069075,0
1693145322.175417,0
1693145322.281610,0
1693145322.387892,0
1693145322.494363,0
1693145322.600885,0
1693145322.707049,0
1693145322.813320,0
1693145322.919097,0
1693145323.026713,0
1693145323.134569,0
1693145323.243318,0
1693145323.351303,0
1693145323.459474,0
1693145323.567204,0
1693145323.675171,0
1693145323.782285,0
1693145323.889294,0
1693145323.996875,0
1693145324.104625,0
1693145324.212208,0
1693145324.319867,0
1693145324.438277,0
1693145324.544538,0
1693145324.650386,0
1693145324.756084,0
1693145324.861902,0
1693145324.967714,0
1693145325.073466,0
1693145325.179219,0
1693145325.285300,0
1693145325.390998,0
1693145325.497156,0
1693145325.603126,0
1693145325.708970,0
1693145325.814906,0
1693145325.921528,0
1693145326.027951,0
1693145326.134769,0
1693145326.241728,0
1693145326.348724,0
1693145326.455878,0
1693145326.562971,0
1693145326.669309,0
1693145326.775657,0
1693145326.881925,0
1693145326.988227,0
1693145327.094372,0
1693145327.200546,0
1693145327.306734,0
1693145327.413234,0
1693145327.519580,0
1693145327.625768,0
1693145327.731211,0
1693145327.836583,0
1693145327.942018,0
1693145328.047517,0
1693145328.152937,0
1693145328.258906,0
1693145328.364832,0
1693145328.470658,0
1693145328.576248,0
1693145328.681692,0
1693145328.788393,0
1693145328.894992,0
1693145329.002549,0
1693145329.109945,0
1693145329.217285,0
1693145329.324572,0
1693145329.434643,0
1693145329.543215,0
1693145329.651249,0
1693145329.759017,0
1693145329.866865,0
1693145329.974690,0
1693145330.080765,0
1693145330.186756,0
1693145330.294843,0
1693145330.403037,0
1693145330.510978,0
1693145330.618987,0
1693145330.726949,0
1693145330.835045,0
1693145330.940999,0
1693145331.046928,0
1693145331.153176,0
1693145331.259636,0
1693145331.368062,0
1693145331.476076,0
1693145331.582161,0
1693145331.688356,0
1693145331.794492,0
1693145331.901923,0
1693145332.009355,0
1693145332.116641,0
1693145332.224045,0
1693145332.332698,0
1693145332.440110,0
1693145332.547198,0
1693145332.654240,0
1693145332.761219,0
1693145332.868156,0
1693145332.974965,0
1693145333.081791,0
1693145333.188649,0
1693145333.295353,0
1693145333.401687,0
1693145333.507885,0
1693145333.613915,0
1693145333.719918,0
1693145333.825870,0
1693145333.932794,0
1693145334.040022,0
1693145334.147441,0
1693145334.254440,0
1693145334.361438,0
1693145334.469527,0
1693145334.576537,0
1693145334.683958,0
1693145334.791194,0
1693145334.898831,0
1693145335.006271,0
1693145335.113658,0
1693145335.220912,0
1693145335.329139,0
1693145335.436397,0
1693145335.543580,0
1693145335.650745,0
1693145335.757837,0
1693145335.865280,0
1693145335.972659,0
1693145336.079981,0
1693145336.188347,0
1693145336.296425,0
1693145336.404371,0
1693145336.512490,0
1693145336.620754,0
1693145336.728873,0
1693145336.836321,0
1693145336.943916,0
1693145337.051265,0
1693145337.159041,0
1693145337.266013,0
1693145337.374350,0
1693145337.482634,0
1693145337.590972,0
1693145337.699140,0
1693145337.807546,0
1693145337.916095,0
1693145338.024626,0
1693145338.133045,0
1693145338.241657,0
1693145338.349678,0
1693145338.457483,0
1693145338.565452,0
1693145338.673568,0
1693145338.781471,0
1693145338.889433,0
1693145338.997073,0
1693145339.104911,0
1693145339.213436,0
1693145339.321272,0
1693145339.429156,0
1693145339.539588,0
1693145339.646523,0
1693145339.753327,0
1693145339.859092,0
1693145339.965496,0
1693145340.072026,0
1693145340.178304,0
1693145340.286506,0
1693145340.394544,0
1693145340.500512,0
1693145340.606531,0
1693145340.712751,0
1693145340.819426,0
1693145340.925976,0
1693145341.032386,0
1693145341.139232,0
1693145341.247999,0
1693145341.356043,0
1693145341.463956,0
1693145341.569869,0
1693145341.675723,0
1693145341.781572,0
1693145341.887424,0
1693145341.993363,0
1693145342.099192,0
1693145342.205191,0
1693145342.311017,0
1693145342.416822,0
1693145342.524699,0
1693145342.632475,0
1693145342.740288,0
1693145342.848586,0
1693145342.956850,0
1693145343.065048,0
1693145343.173081,0
1693145343.280929,0
1693145343.389348,0
1693145343.497613,0
1693145343.606290,0
1693145343.714719,0
1693145343.823350,0
1693145343.929957,0
1693145344.036480,0
1693145344.143236,0
1693145344.249401,0
1693145344.355433,0
1693145344.463391,0
1693145344.589205,0
1693145344.697059,0
1693145344.804906,0
1693145344.912723,0
1693145345.020766,0
1693145345.128630,0
1693145345.236400,0
1693145345.344225,0
1693145345.452518,0
1693145345.558971,0
1693145345.665339,0
1693145345.771727,0
1693145345.878471,0
1693145345.985156,0
1693145346.091779,0
1693145346.198145,0
1693145346.304684,0
1693145346.413104,0
1693145346.521542,0
1693145346.629847,0
1693145346.738150,0
1693145346.846315,0
1693145346.954357,0
1693145347.062462,0
1693145347.170258,0
1693145347.277645,0
1693145347.385329,0
1693145347.493128,0
1693145347.600633,0
1693145347.708897,0
1693145347.817166,0
1693145347.925452,0
1693145348.033735,0
1693145348.141915,0
1693145348.250215,0
1693145348.358217,0
1693145348.466354,0
1693145348.574490,0
1693145348.682596,0
1693145348.791050,0
1693145348.899575,0
1693145349.008202,0
1693145349.116573,0
1693145349.224856,0
1693145349.333423,0
1693145349.442027,0
1693145349.550162,0
1693145349.658533,0
1693145349.767081,0
1693145349.875593,0
1693145349.983956,0
1693145350.092335,0
1693145350.200582,0
1693145350.308814,0
1693145350.416887,0
1693145350.524979,0
1693145350.633223,0
1693145350.741748,0
1693145350.850232,0
1693145350.958889,0
1693145351.067189,0
1693145351.175389,0
1693145351.283776,0
1693145351.391931,0
1693145351.500246,0
1693145351.608469,0
1693145351.716953,0
1693145351.825134,0
1693145351.933751,0
1693145352.042681,0
1693145352.151119,0
1693145352.259421,0
1693145352.367670,0
1693145352.475954,0
1693145352.584417,0
1693145352.692498,0
1693145352.801120,0
1693145352.909879,0
1693145353.018498,0
1693145353.126967,0
1693145353.235251,0
1693145353.343579,0
1693145353.451717,0
1693145353.559858,0
1693145353.667966,0
1693145353.776130,0
1693145353.884229,0
1693145353.992272,0
1693145354.100446,0
1693145354.208570,0
1693145354.316781,0
1693145354.424688,0
1693145354.532713,0
1693145354.640708,0
1693145354.749048,0
1693145354.857518,0
1693145354.965698,0
1693145355.074031,0
1693145355.182271,0
1693145355.290660,0
1693145355.399244,0
1693145355.507439,0
1693145355.615621,0
1693145355.724024,0
1693145355.832468,0
1693145355.940914,0
1693145356.049319,0
1693145356.157717,0
1693145356.266245,0
1693145356.374440,0
1693145356.482754,0
1693145356.590944,0
1693145356.699083,0
1693145356.807408,0
1693145356.915814,0
1693145357.024114,0
1693145357.132279,0
1693145357.240647,0
1693145357.348994,0
1693145357.457188,0
1693145357.565402,0
1693145357.673592,0
1693145357.781741,0
1693145357.890042,0
1693145357.998252,0
1693145358.106650,0
1693145358.214998,0
1693145358.323213,0
1693145358.431484,0
1693145358.539634,0
1693145358.648142,0
1693145358.756553,0
1693145358.865065,0
1693145358.973608,0
1693145359.082297,0
1693145359.190763,0
1693145359.299417,0
1693145359.407777,0
1693145359.516070,0
1693145359.624302,0
1693145359.732746,0
1693145359.840891,0
1693145359.949057,0
1693145360.057294,0
1693145360.165483,0
1693145360.273787,0
1693145360.381957,0
1693145360.490122,0
1693145360.598241,0
1693145360.706380,0
1693145360.814724,0
1693145360.922848,0
1693145361.031781,0
1693145361.140113,0
1693145361.248492,0
1693145361.356839,0
1693145361.465120,0
1693145361.573545,0
1693145361.681934,0
1693145361.790041,0
1693145361.898239,0
1693145362.006652,0
1693145362.115162,0
1693145362.223553,0
1693145362.332013,0
1693145362.440360,0
1693145362.548879,0
1693145362.657170,0
1693145362.765382,0
1693145362.873755,0
1693145362.982211,0
1693145363.090523,0
1693145363.198947,0
1693145363.307230,0
1693145363.415508,0
1693145363.523638,0
1693145363.631819,0
1693145363.740017,0
1693145363.848315,0
1693145363.956370,0
1693145364.064775,0
1693145364.172916,0
1693145364.281505,0
1693145364.390061,0
1693145364.498766,0
1693145364.607126,0
1693145364.715651,0
1693145364.824047,0
1693145364.932413,0
1693145365.040504,0
1693145365.149292,0
1693145365.257953,0
1693145365.366437,0
1693145365.474855,0
1693145365.583346,0
1693145365.691612,0
1693145365.799874,0
1693145365.908078,0
1693145366.016712,0
1693145366.124915,0
1693145366.233276,0
1693145366.341437,0
1693145366.450556,0
1693145366.559218,0
1693145366.667902,0
1693145366.776386,0
1693145366.884863,0
1693145366.993337,0
1693145367.101628,0
1693145367.210498,0
1693145367.319076,0
1693145367.427527,0
1693145367.535908,0
1693145367.644278,0
1693145367.752583,0
1693145367.860798,0
1693145367.969279,0
1693145368.078060,0
1693145368.186730,0
1693145368.295334,0
1693145368.403789,0
1693145368.513270,0
1693145368.621860,0
1693145368.730213,0
1693145368.838573,0
1693145368.946914,0
1693145369.055183,0
1693145369.163488,0
1693145369.271749,0
1693145369.379889,0
1693145369.488154,0
1693145369.596505,0
1693145369.704632,0
1693145369.813032,0
1693145369.921324,0
1693145370.030093,0
1693145370.139021,0
1693145370.247715,0
1693145370.372818,0
1693145370.481259,0
1693145370.590116,0
1693145370.698751,0
1693145370.807356,0
1693145370.915823,0
1693145371.025241,0
1693145371.133901,0
1693145371.242763,0
1693145371.351549,0
1693145371.460189,0
1693145371.568759,0
1693145371.677388,0
1693145371.785834,0
1693145371.894154,0
1693145372.002303,0
1693145372.111077,0
1693145372.219480,0
1693145372.328159,0
1693145372.436467,0
1693145372.544799,0
1693145372.653113,0
1693145372.761582,0
1693145372.870104,0
1693145372.978628,0
1693145373.086948,0
1693145373.195447,0
1693145373.303971,0
1693145373.412518,0
1693145373.521081,0
1693145373.629738,0
1693145373.738100,0
1693145373.846623,0
1693145373.954877,0
1693145374.063271,0
1693145374.171788,0
1693145374.280618,0
1693145374.389299,0
1693145374.498020,0
1693145374.606711,0
1693145374.715168,0
1693145374.823405,0
1693145374.931802,0
1693145375.040149,0
1693145375.148427,0
1693145375.256798,0
1693145375.366865,0
1693145375.475012,0
1693145375.583212,0
1693145375.691200,0
1693145375.799199,0
1693145375.907173,0
1693145376.015343,0
1693145376.123760,0
1693145376.231923,0
1693145376.340446,0
1693145376.448925,0
1693145376.557418,0
1693145376.665968,0
1693145376.774218,0
1693145376.882482,0
1693145376.990689,0
1693145377.099123,0
1693145377.207800,0
1693145377.316820,0
1693145377.425637,0
1693145377.534601,0
1693145377.643192,0
1693145377.751579,0
1693145377.859883,0
1693145377.968174,0
1693145378.076332,0
1693145378.184419,0
1693145378.292761,0
1693145378.401005,0
1693145378.509266,0
1693145378.617517,0
1693145378.725692,0
1693145378.834334,0
1693145378.942627,0
1693145379.050939,0
1693145379.159177,0
1693145379.267535,0
1693145379.376019,0
1693145379.484990,0
1693145379.593391,0
1693145379.701775,0
1693145379.810018,0
1693145379.919294,0
1693145380.028367,0
1693145380.136947,0
1693145380.245096,0
1693145380.354032,0
1693145380.464437,0
1693145380.573059,0
1693145380.681384,0
1693145380.789692,0
1693145380.898158,0
1693145381.006740,0
1693145381.114948,0
1693145381.223835,0
1693145381.332620,0
1693145381.441196,0
1693145381.549560,0
1693145381.657973,0
1693145381.766541,0
1693145381.875140,0
1693145381.983677,0
1693145382.091984,0
1693145382.200140,0
1693145382.308640,0
1693145382.417541,0
1693145382.526066,0
1693145382.634715,0
1693145382.743457,0
1693145382.851963,0
1693145382.960655,0
1693145383.069071,0
1693145383.177329,0
1693145383.286024,0
1693145383.394881,0
1693145383.503610,0
