1694966206.365837,0
1694966206.478716,13
1694966206.592724,45
1694966206.707625,76
1694966206.819869,100
1694966206.933492,100
1694966207.048821,99
1694966207.168253,100
1694966207.287973,99
1694966207.401483,100
1694966207.531409,100
1694966207.655958,99
1694966207.777056,92
1694966207.895542,96
1694966208.009888,96
1694966208.125161,98
1694966208.263236,93
1694966208.378652,97
1694966208.491850,95
1694966208.613156,100
1694966208.727976,83
1694966208.843688,76
1694966208.958211,71
1694966209.070145,49
1694966209.189856,46
1694966209.302902,46
1694966209.418188,45
1694966209.532033,48
1694966209.644550,48
1694966209.813820,49
1694966210.019624,42
1694966210.321492,37
1694966210.432062,44
1694966210.550319,55
1694966210.662359,63
1694966210.775788,83
1694966210.896423,80
1694966211.008627,74
1694966211.172269,43
1694966211.284102,47
1694966211.398481,55
1694966211.515726,66
1694966211.629803,86
1694966211.757276,87
1694966211.906232,84
1694966212.048260,54
1694966212.178315,47
1694966212.310067,46
1694966212.432131,48
1694966212.555354,46
1694966212.677976,49
1694966212.812399,46
1694966212.954102,49
1694966213.075642,51
1694966213.193143,53
1694966213.311692,50
1694966213.426164,52
1694966213.540027,50
1694966213.657493,51
1694966213.869897,46
1694966214.003615,51
1694966214.143190,53
1694966214.273098,54
1694966214.402687,52
1694966214.605691,51
1694966214.737603,53
1694966214.886097,51
1694966215.524110,55
1694966215.645934,57
1694966215.764258,57
1694966215.892856,58
1694966216.014136,56
1694966216.138191,57
1694966216.261150,59
1694966216.387996,58
1694966216.514616,58
1694966216.629941,57
1694966216.746169,59
1694966216.874470,60
1694966216.995296,59
1694966217.120798,61
1694966217.248679,61
1694966217.449110,68
1694966217.568083,71
1694966217.684018,73
1694966217.803675,84
1694966217.989483,78
1694966218.123025,89
1694966218.238027,82
1694966218.353978,66
1694966218.467306,74
1694966218.578379,77
1694966218.691247,85
1694966218.804972,85
1694966218.917731,87
1694966219.032122,92
1694966219.154308,95
1694966219.273120,84
1694966219.390380,68
1694966219.506548,69
1694966219.620752,80
1694966219.734952,88
1694966219.852632,88
1694966219.969021,90
1694966220.087959,89
1694966220.200656,94
1694966220.330444,83
1694966220.444260,70
1694966220.566760,69
1694966220.686305,69
1694966220.800793,72
1694966220.915942,72
1694966221.029467,73
1694966221.144008,74
1694966221.257621,76
1694966221.375637,76
1694966221.488003,76
1694966221.601483,73
1694966221.716013,73
1694966221.830065,73
1694966221.940670,74
1694966222.055193,75
1694966222.186653,75
1694966222.301668,75
1694966222.421310,74
1694966222.533540,74
1694966222.645872,76
1694966222.760174,76
1694966222.875629,76
1694966222.986573,77
1694966223.112678,77
1694966223.226262,75
1694966223.340690,76
1694966223.471867,77
1694966223.603186,79
1694966223.715204,77
1694966223.837120,77
1694966223.956501,78
1694966224.070771,79
1694966224.181858,79
1694966224.294627,78
1694966224.406518,79
1694966224.521797,78
1694966224.636738,80
1694966224.760172,80
1694966224.873771,82
1694966224.990077,82
1694966225.102930,81
1694966225.217360,81
1694966225.328566,81
1694966225.442048,83
1694966225.562108,84
1694966225.677511,81
1694966225.792601,83
1694966225.904712,83
1694966226.015964,85
1694966226.135203,83
1694966226.247966,84
1694966226.361525,84
1694966226.475400,85
1694966226.587741,86
1694966226.703497,85
1694966226.814104,96
1694966226.927515,98
1694966227.041709,98
1694966227.154424,99
1694966227.267996,98
1694966227.385820,95
1694966227.498763,92
1694966227.614824,86
1694966227.732938,54
1694966227.850018,54
1694966227.969838,56
1694966228.083549,49
1694966228.253894,44
1694966228.370300,55
1694966228.482762,65
1694966228.601772,81
1694966228.718663,83
1694966228.833033,76
1694966228.946675,56
1694966229.059267,51
1694966229.182271,55
1694966229.293558,68
1694966229.410140,86
1694966229.530208,87
1694966229.648981,80
1694966229.766252,57
1694966229.877618,51
1694966229.988422,49
1694966230.102851,49
1694966230.221213,52
1694966230.345392,52
1694966230.460160,50
1694966230.574073,53
1694966230.690359,52
1694966230.803546,52
1694966230.915503,52
1694966231.034937,52
1694966231.154386,54
1694966231.264125,55
1694966231.385808,54
1694966231.502644,53
1694966231.616012,56
1694966231.727817,55
1694966231.842680,56
1694966231.955011,55
1694966232.067468,57
1694966232.180298,58
1694966232.293497,59
1694966232.404707,57
1694966232.521387,59
1694966232.637455,58
1694966232.753997,58
1694966232.865400,58
1694966232.976919,60
1694966233.091709,60
1694966233.204594,61
1694966233.320445,62
1694966233.433416,61
1694966233.550750,60
1694966233.665720,61
1694966233.776474,62
1694966233.894209,63
1694966234.010429,62
1694966234.125609,63
1694966234.238622,63
1694966234.350111,63
1694966234.464336,65
1694966234.590075,63
1694966234.705887,65
1694966234.818935,66
1694966234.931725,69
1694966235.047367,78
1694966235.170124,87
1694966235.281552,87
1694966235.393732,89
1694966235.507661,88
1694966235.620975,96
1694966235.733526,93
1694966235.853888,69
1694966235.967688,68
1694966236.078592,70
1694966236.190871,71
1694966236.308674,68
1694966236.428055,71
1694966236.541553,73
1694966236.653346,76
1694966236.766801,75
1694966236.878660,76
1694966236.993825,74
1694966237.104875,74
1694966237.216007,85
1694966237.328642,93
1694966237.442655,92
1694966237.554773,93
1694966237.668928,95
1694966237.783379,95
1694966237.895336,95
1694966238.007893,81
1694966238.122819,82
1694966238.238353,83
1694966238.352603,83
1694966238.466664,83
1694966238.578163,79
1694966238.690904,76
1694966238.802737,88
1694966238.917362,96
1694966239.029106,97
1694966239.141827,99
1694966239.255268,97
1694966239.366560,93
1694966239.479488,94
1694966239.591722,94
1694966239.706046,66
1694966239.828653,40
1694966239.943908,40
1694966240.056542,39
1694966240.169139,40
1694966240.280935,41
1694966240.394992,41
1694966240.516594,41
1694966240.630271,41
1694966240.740145,43
1694966240.853507,43
1694966240.966885,42
1694966241.078041,43
1694966241.193252,44
1694966241.305771,44
1694966241.420316,45
1694966241.534238,46
1694966241.650609,47
1694966241.764161,47
1694966241.880013,48
1694966241.993848,48
1694966242.145741,48
1694966242.259952,49
1694966242.377188,49
1694966242.489168,51
1694966242.600478,51
1694966242.714453,51
1694966242.829290,52
1694966242.939954,51
1694966243.057195,52
1694966243.171407,52
1694966243.286920,53
1694966243.402164,53
1694966243.512721,54
1694966243.626238,55
1694966243.742727,54
1694966243.854804,55
1694966243.966794,53
1694966244.077471,54
1694966244.190547,56
1694966244.302270,56
1694966244.415556,57
1694966244.533127,58
1694966244.646465,58
1694966244.766743,58
1694966244.879677,57
1694966244.994220,58
1694966245.109235,69
1694966245.221104,79
1694966245.335753,77
1694966245.453575,90
1694966245.571509,94
1694966245.683882,91
1694966245.797813,72
1694966245.908619,65
1694966246.022008,72
1694966246.135679,72
1694966246.252330,81
1694966246.368452,85
1694966246.484756,89
1694966246.601031,91
1694966246.729430,93
1694966246.844488,65
1694966246.956732,66
1694966247.069654,74
1694966247.195112,79
1694966247.305586,84
1694966247.426615,86
1694966247.544913,87
1694966247.657952,94
1694966247.770316,94
1694966247.956230,69
1694966248.071900,69
1694966248.185448,71
1694966248.298019,67
1694966248.410304,69
1694966248.520818,67
1694966248.633611,68
1694966248.748406,67
1694966248.862140,67
1694966248.974648,67
1694966249.089779,69
1694966249.205221,69
1694966249.318671,71
1694966249.429978,70
1694966249.546949,70
1694966249.658207,70
1694966249.771228,70
1694966249.883344,71
1694966249.993742,72
1694966250.106820,73
1694966250.221870,73
1694966250.334957,73
1694966250.456547,72
1694966250.569248,73
1694966250.680044,73
1694966250.793714,73
1694966250.906060,75
1694966251.015534,75
1694966251.127199,75
1694966251.243186,74
1694966251.354721,76
1694966251.465996,75
1694966251.577238,76
1694966251.692810,75
1694966251.803870,76
1694966251.916332,75
1694966252.034756,77
1694966252.150472,76
1694966252.268612,78
1694966252.381982,77
1694966252.494635,78
1694966252.606715,78
1694966252.725998,78
1694966252.838280,80
1694966252.952927,81
1694966253.067811,80
1694966253.185726,81
1694966253.297116,91
1694966253.408994,89
1694966253.522206,99
1694966253.651253,99
1694966253.771790,100
1694966253.885569,97
1694966254.004716,86
1694966254.121291,66
1694966254.245863,27
1694966254.363523,28
1694966254.491280,59
1694966254.610486,78
1694966254.739508,23
1694966254.860007,26
1694966254.978403,41
1694966255.094045,52
1694966255.206488,26
1694966255.325014,24
1694966255.442796,25
1694966255.567066,25
1694966255.683218,26
1694966255.797212,26
1694966255.912927,27
1694966256.035818,28
1694966256.149351,30
1694966256.261573,30
1694966256.374553,31
1694966256.494263,32
1694966256.613141,31
1694966256.727725,33
1694966256.855598,34
1694966256.980765,33
1694966257.094531,36
1694966257.209029,36
1694966257.329588,36
1694966257.457163,37
1694966257.584397,37
1694966257.704330,38
1694966257.818936,38
1694966257.933020,40
1694966258.048459,39
1694966258.165661,40
1694966258.288951,39
1694966258.412581,40
1694966258.525509,41
1694966258.642367,39
1694966258.760011,43
1694966258.885491,41
1694966259.004435,41
1694966259.116801,43
1694966259.233006,45
1694966259.346356,45
1694966259.463035,45
1694966259.581412,44
1694966259.696587,47
1694966259.815352,48
1694966259.939856,47
1694966260.053693,46
1694966260.168875,49
1694966260.284941,49
1694966260.418787,61
1694966260.539414,70
1694966260.673212,72
1694966260.788863,89
1694966260.904374,80
1694966261.018787,78
1694966261.135513,53
1694966261.258270,64
1694966261.375278,63
1694966261.557452,71
1694966261.683310,76
1694966261.802714,77
1694966261.919633,84
1694966262.036644,81
1694966262.154229,55
1694966262.268308,53
1694966262.384449,62
1694966262.502719,64
1694966262.620624,75
1694966262.738076,76
1694966262.852999,87
1694966262.966492,85
1694966263.079555,58
1694966263.193394,59
1694966263.312567,56
1694966263.454871,58
1694966263.570208,60
1694966263.681889,59
1694966263.797322,57
1694966263.914192,59
1694966264.024307,58
1694966264.137037,60
1694966264.273099,61
1694966264.389201,62
1694966264.501453,61
1694966264.613850,60
1694966264.743862,61
1694966264.859428,62
1694966264.973114,62
1694966265.088962,61
1694966265.209014,62
1694966265.324546,63
1694966265.436454,65
1694966265.554451,64
1694966265.668313,64
1694966265.784737,62
1694966265.900107,65
1694966266.014727,65
1694966266.129496,66
1694966266.245595,66
1694966266.357694,67
1694966266.472652,69
1694966266.587056,68
1694966266.700686,66
1694966266.819306,67
1694966266.933387,68
1694966267.049579,69
1694966267.166490,69
1694966267.285287,68
1694966267.399829,70
1694966267.566327,70
1694966267.681665,71
1694966267.795159,70
1694966267.937000,70
1694966268.058095,70
