1694952450.981227,0
1694952451.096607,15
1694952451.214642,41
1694952451.325081,71
1694952451.441534,99
1694952451.555550,100
1694952451.675452,100
1694952451.789652,100
1694952451.907084,99
1694952452.023060,98
1694952452.131650,99
1694952452.241826,97
1694952452.398088,92
1694952452.610986,76
1694952452.725740,97
1694952452.851132,92
1694952453.045692,87
1694952453.154670,98
1694952453.281667,98
1694952453.428206,92
1694952453.545744,98
1694952453.657632,99
1694952453.775601,96
1694952453.906417,87
1694952454.062954,82
1694952454.247304,65
1694952454.417871,60
1694952454.568457,51
1694952454.688306,44
1694952454.818962,40
1694952454.929397,53
1694952455.042351,59
1694952455.327713,77
1694952455.452938,84
1694952455.644772,69
1694952455.865340,39
1694952455.980953,44
1694952456.091594,56
1694952456.237649,53
1694952456.358291,65
1694952456.662824,72
1694952456.776973,63
1694952456.914451,44
1694952457.037818,46
1694952457.177518,45
1694952457.314427,44
1694952457.442352,46
1694952457.604793,40
1694952457.801562,45
1694952457.912954,49
1694952458.025542,49
1694952458.134667,50
1694952458.244654,51
1694952458.355765,51
1694952458.476162,51
1694952458.602506,52
1694952458.728285,53
1694952458.846186,52
1694952458.970857,52
1694952459.120914,50
1694952459.250761,56
1694952459.374135,53
1694952459.499004,55
1694952459.618364,56
1694952459.730208,55
1694952459.841978,58
1694952459.951947,58
1694952460.065194,59
1694952460.177500,57
1694952460.291665,57
1694952460.450606,51
1694952460.637714,53
1694952460.765399,57
1694952460.918562,56
1694952461.125843,59
1694952461.240736,61
1694952461.358580,60
1694952461.482634,60
1694952461.606729,60
1694952461.730092,60
1694952461.863345,59
1694952461.981526,62
1694952462.101258,62
1694952462.228436,63
1694952462.341177,65
1694952462.459254,64
1694952462.571436,65
1694952462.682162,64
1694952462.792646,64
1694952462.909490,66
1694952463.025504,65
1694952463.136954,75
1694952463.320024,73
1694952463.435134,78
1694952463.566045,88
1694952463.692586,89
1694952463.817888,93
1694952463.930448,95
1694952464.042836,73
1694952464.157180,75
1694952464.267213,72
1694952464.380446,69
1694952464.492421,72
1694952464.600054,76
1694952464.713356,78
1694952464.833846,81
1694952464.947730,93
1694952465.059120,92
1694952465.263088,95
1694952465.394128,90
1694952465.508362,79
1694952465.617862,78
1694952465.730857,76
1694952465.843266,75
1694952465.954693,75
1694952466.068930,83
1694952466.359020,76
1694952466.478049,83
1694952466.599519,84
1694952466.728890,95
1694952466.887018,99
1694952467.010639,94
1694952467.126679,93
1694952467.242513,86
1694952467.364002,79
1694952467.618932,55
1694952467.729104,40
1694952467.838772,40
1694952467.948620,40
1694952468.059971,41
1694952468.170684,40
1694952468.286097,41
1694952468.422850,42
1694952468.606235,41
1694952468.869003,36
1694952469.032562,36
1694952469.154269,44
1694952469.271499,43
1694952469.422929,45
1694952469.542041,44
1694952469.659989,47
1694952469.802286,45
1694952469.932282,46
1694952470.059484,43
1694952470.178823,47
1694952470.300235,46
1694952470.414854,51
1694952470.539745,49
1694952470.658154,51
1694952470.777647,50
1694952470.887256,50
1694952470.999364,52
1694952471.112878,52
1694952471.226816,53
1694952471.338440,52
1694952471.450860,53
1694952471.669833,54
1694952471.798699,50
1694952471.965571,52
1694952472.119145,52
1694952472.266022,51
1694952472.379650,55
1694952472.492724,55
1694952472.634322,51
1694952472.848883,54
1694952472.995182,55
1694952473.127448,58
1694952473.264786,56
1694952473.383050,58
1694952473.503312,58
1694952473.616792,69
1694952473.730217,69
1694952473.841514,80
1694952473.959339,79
1694952474.075058,82
1694952474.192328,88
1694952474.300729,91
1694952474.409651,82
1694952474.521292,66
1694952474.630403,63
1694952474.739608,73
1694952474.848229,82
1694952474.959969,84
1694952475.069379,99
1694952475.179321,91
1694952475.289785,91
1694952475.399083,63
1694952475.511477,37
1694952475.658789,42
1694952475.776508,42
1694952475.893109,53
1694952476.013732,63
1694952476.130195,46
1694952476.342383,25
1694952476.481696,32
1694952476.604732,34
1694952476.725098,38
1694952476.897482,28
1694952477.017438,23
1694952477.130151,39
1694952477.240687,39
1694952477.352902,38
1694952477.466261,42
1694952477.580815,41
1694952477.694460,42
1694952477.809449,39
1694952478.047041,39
1694952478.238598,41
1694952478.358983,45
1694952478.478529,44
1694952478.592188,46
1694952478.710515,46
1694952478.825630,47
1694952478.941537,46
1694952479.058121,48
1694952479.184803,46
1694952479.312711,49
1694952479.435733,49
1694952479.584824,40
1694952479.759040,43
1694952479.875280,50
1694952479.997488,48
1694952480.113867,52
1694952480.231361,52
1694952480.346314,53
1694952480.457210,53
1694952480.567283,55
1694952480.679108,53
1694952480.788494,55
1694952480.909436,54
1694952481.019253,55
1694952481.131199,56
1694952481.249826,56
1694952481.363445,58
1694952481.474120,58
1694952481.585626,58
1694952481.699615,57
1694952481.875042,56
1694952482.077987,55
1694952482.207298,57
1694952482.323148,60
1694952482.453745,68
1694952482.570729,71
1694952482.738486,73
1694952482.863811,85
1694952482.989618,98
1694952483.155368,86
1694952483.288860,64
1694952483.411042,66
1694952483.528922,72
1694952483.640498,72
1694952483.750678,85
1694952483.868018,98
1694952483.980451,97
1694952484.093358,93
1694952484.202574,84
1694952484.310226,50
1694952484.542407,30
1694952484.667934,43
1694952484.792525,54
1694952484.963539,58
1694952485.089761,57
1694952485.207309,35
1694952485.318195,37
1694952485.428656,36
1694952485.538357,39
1694952485.647814,39
1694952485.756936,40
1694952485.866177,42
1694952485.976840,42
1694952486.086369,40
1694952486.195542,43
1694952486.306049,42
1694952486.417428,43
1694952486.526535,43
1694952486.634030,44
1694952486.743965,43
1694952486.867947,44
1694952486.990904,44
1694952487.102011,44
1694952487.214532,47
1694952487.333616,46
1694952487.445928,48
1694952487.615253,46
1694952487.773372,41
1694952487.916718,49
1694952488.044795,49
1694952488.162665,49
1694952488.422591,44
1694952488.538612,50
1694952488.663260,53
1694952488.792061,44
1694952488.928510,49
1694952489.054317,50
1694952489.185058,53
1694952489.299151,54
1694952489.419083,51
1694952489.528225,53
1694952489.637824,55
1694952489.746483,55
1694952489.859420,56
1694952490.002116,54
1694952490.124630,57
1694952490.252845,57
1694952490.369545,57
1694952490.484627,59
1694952490.599641,57
1694952490.713868,59
1694952490.826495,59
1694952490.947122,58
1694952491.058425,61
1694952491.173753,59
1694952491.286398,61
1694952491.405342,72
1694952491.526425,70
1694952491.638508,84
1694952491.755375,98
1694952491.870644,99
1694952491.978968,92
1694952492.089217,75
1694952492.208882,55
1694952492.318934,34
1694952492.430579,42
1694952492.542729,53
1694952492.656891,63
1694952492.772235,48
1694952492.883415,37
1694952492.991986,42
1694952493.119425,49
1694952493.262130,64
1694952493.372717,67
1694952493.490596,40
1694952493.602453,37
1694952493.716662,38
1694952493.830763,39
1694952493.945045,41
1694952494.060567,39
1694952494.173652,42
1694952494.287322,41
1694952494.399638,43
1694952494.513089,42
1694952494.647276,42
1694952494.761135,44
1694952494.882516,44
1694952494.995282,45
1694952495.105956,45
1694952495.216462,47
1694952495.326434,46
1694952495.440694,46
1694952495.550592,47
1694952495.661623,49
1694952495.773835,48
1694952495.885404,50
1694952495.996989,51
1694952496.109292,50
1694952496.225012,50
1694952496.335790,51
1694952496.592685,40
1694952496.707565,52
1694952496.830508,50
1694952496.980371,49
1694952497.099653,51
1694952497.215307,54
1694952497.329934,54
1694952497.444213,54
1694952497.553017,55
1694952497.669165,57
1694952497.778162,57
1694952497.886665,56
1694952497.995660,60
1694952498.103919,58
1694952498.212298,59
1694952498.323266,58
1694952498.434177,58
1694952498.551107,60
1694952498.662218,60
1694952498.774685,60
1694952498.893972,61
1694952499.007822,61
1694952499.124129,61
1694952499.287924,56
1694952499.406567,60
1694952499.525465,61
1694952499.638501,63
1694952499.818371,64
1694952499.958482,72
1694952500.078822,73
1694952500.193280,86
1694952500.307153,91
1694952500.420683,94
1694952500.532094,84
1694952500.645210,67
1694952500.756700,67
1694952500.871324,72
1694952501.078565,63
1694952501.191383,76
1694952501.303736,87
1694952501.417988,88
1694952501.544541,92
1694952501.666304,84
1694952501.778229,69
1694952501.891161,68
1694952502.048566,67
1694952502.158307,71
1694952502.269142,71
1694952502.378761,82
1694952502.493264,79
1694952502.602856,81
1694952502.714594,92
1694952502.833978,94
1694952502.953830,94
1694952503.081120,89
1694952503.200311,75
1694952503.326815,72
1694952503.456380,72
1694952503.566461,74
1694952503.675031,74
1694952503.786501,74
1694952503.909569,72
1694952504.033798,78
1694952504.161043,81
1694952504.291531,78
1694952504.404848,76
1694952504.520313,75
1694952504.644930,74
1694952504.765966,75
1694952504.888555,76
1694952504.997003,77
1694952505.106976,77
1694952505.216435,77
1694952505.326504,80
1694952505.438131,79
1694952505.548687,78
1694952505.657949,79
1694952505.766452,80
1694952505.875283,80
1694952505.984512,81
1694952506.095108,81
1694952506.204243,81
1694952506.313778,79
1694952506.422406,80
1694952506.535391,81
1694952506.644165,80
1694952506.753553,82
1694952506.862549,81
1694952506.972710,81
1694952507.082444,81
1694952507.201626,82
1694952507.310240,82
1694952507.419939,83
1694952507.530151,84
1694952507.640669,85
1694952507.749291,85
1694952507.858435,85
1694952507.970265,84
1694952508.123282,80
1694952508.234193,87
1694952508.342841,86
1694952508.451728,85
1694952508.564576,86
1694952508.673026,85
1694952508.782992,86
1694952508.892054,88
1694952509.013644,85
1694952509.125908,87
1694952509.238180,87
1694952509.353420,88
1694952509.476704,85
1694952509.589247,88
1694952509.699389,89
1694952509.811448,88
1694952509.922614,89
1694952510.043674,90
1694952510.156880,89
1694952510.270400,90
1694952510.431522,86
1694952510.543615,92
1694952510.657757,92
1694952510.767544,97
1694952510.918823,98
1694952511.042049,99
1694952511.156082,99
1694952511.265780,98
1694952511.373145,98
1694952511.483451,100
1694952511.594591,93
1694952511.704282,93
1694952511.814450,66
1694952511.923554,55
1694952512.059266,55
1694952512.289788,53
1694952512.483381,54
1694952512.618312,50
1694952512.744550,50
1694952512.855532,52
1694952512.965639,59
1694952513.104918,63
1694952513.223362,73
1694952513.371164,76
1694952513.519591,79
1694952513.651014,60
1694952513.789677,52
1694952513.937673,55
1694952514.066956,61
1694952514.191030,63
1694952514.300470,71
1694952514.410294,77
1694952514.517999,84
1694952514.626769,78
1694952514.741769,58
1694952514.850075,57
1694952514.958557,59
1694952515.069015,56
1694952515.178328,58
1694952515.286944,60
1694952515.396517,27
1694952515.559752,0
1694952515.710867,0
1694952515.859306,0
1694952516.018512,0
1694952516.169499,0
1694952516.317863,0
1694952516.457549,0
1694952516.601697,0
1694952516.748813,0
1694952516.884852,0
1694952517.021925,0
1694952517.155271,0
1694952517.289572,0
1694952517.422070,0
1694952517.552835,0
1694952517.677161,0
1694952517.796392,0
1694952517.937784,0
1694952518.079129,0
1694952518.215483,0
1694952518.362714,0
1694952518.486759,0
1694952518.623055,0
1694952518.749947,0
1694952518.877162,0
1694952519.009571,0
1694952519.178229,0
1694952519.318011,0
1694952519.444957,0
1694952519.573197,0
1694952519.702157,0
1694952519.829000,0
1694952519.979527,0
1694952520.105749,0
1694952520.231304,0
1694952520.390401,0
1694952520.518428,0
1694952520.655769,0
