1694957252.087100,0
1694957252.197807,15
1694957252.309613,40
1694957252.419305,79
1694957252.545577,100
1694957252.658015,100
1694957252.771349,99
1694957252.886332,100
1694957252.996132,100
1694957253.106605,100
1694957253.272758,100
1694957253.433603,94
1694957253.545340,99
1694957253.657206,97
1694957253.768041,99
1694957253.884153,96
1694957253.997468,96
1694957254.113225,97
1694957254.224555,97
1694957254.380557,97
1694957254.493262,92
1694957254.605990,65
1694957254.722041,68
1694957254.834610,46
1694957254.981523,48
1694957255.098767,46
1694957255.230150,46
1694957255.356133,40
1694957255.471333,41
1694957255.588250,47
1694957255.703260,52
1694957255.817922,62
1694957255.934075,69
1694957256.049438,64
1694957256.163349,46
1694957256.276598,52
1694957256.392977,51
1694957256.502883,55
1694957256.782607,64
1694957256.907299,72
1694957257.194516,74
1694957257.321944,64
1694957257.437891,47
1694957257.550088,45
1694957257.666101,46
1694957257.778120,47
1694957257.897118,48
1694957258.007435,48
1694957258.120317,47
1694957258.342374,48
1694957258.455640,48
1694957258.567386,49
1694957258.678913,49
1694957258.790263,50
1694957258.917810,49
1694957259.040448,52
1694957259.247641,47
1694957259.371039,51
1694957259.493567,51
1694957259.608203,52
1694957259.719347,54
1694957259.837142,55
1694957259.955043,53
1694957260.069031,54
1694957260.181948,55
1694957260.302489,56
1694957260.421468,56
1694957260.539374,56
1694957260.658288,56
1694957260.783727,55
1694957260.905496,56
1694957261.023336,57
1694957261.137075,58
1694957261.254185,59
1694957261.367281,59
1694957261.481918,59
1694957261.600178,58
1694957261.715639,58
1694957261.830515,58
1694957261.943897,59
1694957262.055427,60
1694957262.168454,60
1694957262.281187,61
1694957262.394039,62
1694957262.518026,62
1694957262.630017,62
1694957262.741941,74
1694957262.861171,83
1694957262.973403,81
1694957263.085113,99
1694957263.213122,93
1694957263.327017,90
1694957263.440631,61
1694957263.551756,60
1694957263.668239,31
1694957263.785799,44
1694957263.901741,43
1694957264.024441,54
1694957264.146281,63
1694957264.263120,37
1694957264.380932,37
1694957264.500046,42
1694957264.622259,46
1694957264.743934,57
1694957264.888562,68
1694957265.006943,41
1694957265.126890,38
1694957265.238345,39
1694957265.354458,37
1694957265.479982,40
1694957265.667382,41
1694957265.781026,40
1694957265.896717,40
1694957266.017122,42
1694957266.131046,42
1694957266.271545,44
1694957266.389428,45
1694957266.504582,44
1694957266.618659,44
1694957266.734432,45
1694957266.847011,45
1694957266.966137,46
1694957267.080407,46
1694957267.200168,48
1694957267.317111,47
1694957267.432978,48
1694957267.696812,47
1694957267.809618,49
1694957267.921392,49
1694957268.037093,50
1694957268.150884,50
1694957268.266956,53
1694957268.386621,52
1694957268.498716,51
1694957268.609442,52
1694957268.724718,54
1694957268.836391,51
1694957268.945874,53
1694957269.062999,53
1694957269.176564,55
1694957269.288765,55
1694957269.400651,59
1694957269.513691,54
1694957269.625569,57
1694957269.737833,57
1694957269.848389,57
1694957269.960117,59
1694957270.089759,55
1694957270.206924,59
1694957270.318199,71
1694957270.430743,80
1694957270.543322,82
1694957270.658776,99
1694957270.770700,87
1694957270.914030,88
1694957271.049118,81
1694957271.161161,60
1694957271.275731,41
1694957271.388278,37
1694957271.498500,42
1694957271.632692,53
1694957271.750497,68
1694957271.863801,51
1694957271.976022,36
1694957272.087945,42
1694957272.204929,44
1694957272.321736,56
1694957272.436729,64
1694957272.548860,35
1694957272.662790,36
1694957272.774792,36
1694957272.886826,37
1694957273.002020,38
1694957273.115928,38
1694957273.229934,39
1694957273.342743,40
1694957273.472885,40
1694957273.584525,41
1694957273.696714,42
1694957273.810655,43
1694957273.920987,43
1694957274.035030,43
1694957274.148308,44
1694957274.261275,44
1694957274.371045,45
1694957274.557193,43
1694957274.671604,47
1694957274.785428,43
1694957274.903300,47
1694957275.015993,47
1694957275.132706,48
1694957275.257161,48
1694957275.371998,49
1694957275.488650,49
1694957275.602860,49
1694957275.717217,48
1694957275.833912,50
1694957275.948667,52
1694957276.060427,54
1694957276.172462,51
1694957276.287243,52
1694957276.401009,53
1694957276.518756,54
1694957276.642418,53
1694957276.752537,54
1694957276.866668,56
1694957276.979344,57
1694957277.089400,57
1694957277.201974,56
1694957277.320126,56
1694957277.433849,57
1694957277.551893,57
1694957277.666734,60
1694957277.779312,71
1694957277.893537,71
1694957278.005928,80
1694957278.117975,79
1694957278.238594,81
1694957278.362040,91
1694957278.472927,90
1694957278.587867,66
1694957278.705717,63
1694957278.851680,63
1694957278.966352,67
1694957279.083525,71
1694957279.222550,72
1694957279.332712,83
1694957279.446441,96
1694957279.560962,93
1694957279.674659,66
1694957279.786529,64
1694957279.899442,72
1694957280.013348,71
1694957280.124144,77
1694957280.238397,78
1694957280.392168,83
1694957280.509485,91
1694957280.622080,92
1694957280.737033,78
1694957280.849503,69
1694957280.962063,68
1694957281.078380,68
1694957281.189581,66
1694957281.302996,67
1694957281.413854,69
1694957281.529689,67
1694957281.641427,70
1694957281.752986,69
1694957281.865164,69
1694957281.977765,70
1694957282.111354,70
1694957282.257678,69
1694957282.371605,70
1694957282.483244,72
1694957282.594663,70
1694957282.706274,72
1694957282.825671,73
1694957282.938086,73
1694957283.052292,73
1694957283.165378,73
1694957283.277392,73
1694957283.396424,74
1694957283.509438,73
1694957283.625004,73
1694957283.740957,73
1694957283.874005,74
1694957284.009352,73
1694957284.121427,76
1694957284.239389,73
1694957284.350355,75
1694957284.462290,76
1694957284.573785,76
1694957284.686947,76
1694957284.829439,77
1694957284.943237,78
1694957285.054803,77
1694957285.165680,78
1694957285.285333,79
1694957285.396743,80
1694957285.512885,79
1694957285.628555,77
1694957285.739921,78
1694957285.851910,79
1694957285.969668,79
1694957286.084611,80
1694957286.198418,89
1694957286.310310,88
1694957286.423542,90
1694957286.537506,90
1694957286.653287,99
1694957286.766920,97
1694957286.880764,96
1694957286.996324,95
1694957287.110876,92
1694957287.220685,94
1694957287.338209,65
1694957287.450805,43
1694957287.559448,44
1694957287.670990,53
1694957287.787160,65
1694957287.907018,75
1694957288.018119,83
1694957288.131246,76
1694957288.246098,54
1694957288.414624,44
1694957288.527724,47
1694957288.665445,54
1694957288.782049,56
1694957288.898540,61
1694957289.019764,66
1694957289.133537,76
1694957289.249611,78
1694957289.368194,50
1694957289.479919,49
1694957289.593328,51
1694957289.707703,48
1694957289.827294,49
1694957289.941695,50
1694957290.087049,51
1694957290.242606,52
1694957290.389947,50
1694957290.504806,51
1694957290.643339,52
1694957290.755311,54
1694957290.869810,55
1694957290.983144,53
1694957291.099268,54
1694957291.211134,54
1694957291.323030,54
1694957291.438436,55
1694957291.547363,56
1694957291.660867,57
1694957291.772779,56
1694957291.888400,56
1694957292.002224,58
1694957292.115370,57
1694957292.227086,58
1694957292.348144,57
1694957292.465182,58
1694957292.576968,60
1694957292.806621,60
1694957292.924366,59
1694957293.104759,62
1694957293.331226,62
1694957293.443717,62
1694957293.557070,60
1694957293.669266,61
1694957293.781434,62
1694957293.892549,63
1694957294.009346,63
1694957294.121765,64
1694957294.233712,64
1694957294.350058,64
1694957294.462642,66
1694957294.573308,78
1694957294.688938,77
1694957294.802447,86
1694957294.919152,98
1694957295.072395,98
1694957295.183457,94
1694957295.293091,94
1694957295.405009,77
1694957295.520623,72
1694957295.640573,49
1694957295.754850,37
1694957295.869003,43
1694957295.980509,46
1694957296.093739,56
1694957296.279846,65
1694957296.392226,58
1694957296.504827,40
1694957296.616224,45
1694957296.734882,46
1694957296.853890,53
1694957296.969300,60
1694957297.082315,69
1694957297.200523,46
1694957297.311242,39
1694957297.421892,41
1694957297.533316,42
1694957297.710851,41
1694957297.823549,44
1694957297.936922,44
1694957298.051869,44
1694957298.173888,44
1694957298.284591,46
1694957298.395411,44
1694957298.512303,46
1694957298.625519,47
1694957298.739234,48
1694957298.851281,47
1694957298.973725,47
1694957299.086861,49
1694957299.199339,49
1694957299.310918,51
1694957299.426742,49
1694957299.543995,50
1694957299.666481,50
1694957299.783647,50
1694957299.897501,51
1694957300.010311,51
1694957300.123162,53
1694957300.234824,54
1694957300.347159,53
1694957300.458857,53
1694957300.572471,54
1694957300.686355,53
1694957300.807399,54
1694957300.921431,55
1694957301.076282,56
1694957301.193593,56
1694957301.304968,57
1694957301.415899,57
1694957301.529998,58
1694957301.642135,57
1694957301.758004,56
1694957301.867073,59
1694957301.980014,60
1694957302.091561,60
1694957302.202773,60
1694957302.313578,60
1694957302.427397,67
1694957302.539763,67
1694957302.656714,71
1694957302.775132,80
1694957302.888327,81
1694957303.002187,90
1694957303.116714,91
1694957303.229750,65
1694957303.346596,67
1694957303.462339,71
1694957303.574222,69
1694957303.693210,74
1694957303.812988,83
1694957303.926624,86
1694957304.060853,92
1694957304.177545,93
1694957304.294201,83
1694957304.405094,68
1694957304.519530,66
1694957304.638551,68
1694957304.760280,75
1694957304.871494,75
1694957304.980266,77
1694957305.094844,78
1694957305.206338,89
1694957305.317173,88
1694957305.428786,94
1694957305.541981,94
1694957305.655213,75
1694957305.767176,75
1694957305.878731,72
1694957305.989541,72
1694957306.100867,71
1694957306.212041,71
1694957306.330332,69
1694957306.443553,72
1694957306.554506,72
1694957306.666842,73
1694957306.782260,72
1694957306.898800,72
1694957307.011113,73
1694957307.128167,72
1694957307.245786,74
1694957307.360691,75
1694957307.474111,73
1694957307.589489,73
1694957307.703506,74
1694957307.814881,73
1694957307.928170,76
1694957308.042606,73
1694957308.162542,76
1694957308.273712,77
1694957308.386397,75
1694957308.497470,76
1694957308.609947,75
1694957308.722634,76
1694957308.833700,79
1694957308.946540,79
1694957309.058606,78
1694957309.168923,78
1694957309.278928,78
1694957309.390769,79
1694957309.501925,80
1694957309.615978,81
1694957309.731163,79
1694957309.852407,80
1694957309.976500,78
1694957310.099053,80
1694957310.211582,80
1694957310.327086,81
1694957310.440285,82
1694957310.553008,82
1694957310.664524,84
1694957310.781359,83
1694957310.897561,83
1694957311.008606,83
1694957311.120781,84
1694957311.232063,84
1694957311.342098,92
1694957311.453752,90
1694957311.565657,94
1694957311.676859,95
1694957311.787254,98
1694957311.898956,97
1694957312.009599,99
1694957312.124314,98
1694957312.235680,99
1694957312.346205,95
1694957312.457443,85
1694957312.580375,55
1694957312.701770,21
1694957312.814893,30
1694957312.929006,43
1694957313.049699,54
1694957313.161821,27
1694957313.272563,25
1694957313.389961,37
1694957313.510836,47
1694957313.622474,56
1694957313.734745,29
1694957313.846442,27
1694957313.958602,27
1694957314.068797,29
1694957314.180939,30
1694957314.294086,31
1694957314.413055,31
1694957314.523876,34
1694957314.637276,34
1694957314.769277,35
1694957314.885667,34
1694957315.002338,3
1694957315.134294,0
1694957315.253812,0
1694957315.372496,0
1694957315.492514,0
1694957315.615059,0
1694957315.746560,0
1694957315.866362,0
1694957315.985365,0
1694957316.108302,0
1694957316.246437,0
1694957316.377565,0
1694957316.496693,0
1694957316.618085,0
1694957316.750788,0
1694957316.881319,0
1694957316.998933,0
1694957317.118677,0
1694957317.240320,0
1694957317.384636,0
1694957317.498864,0
1694957317.616384,0
1694957317.734830,0
1694957317.856876,0
1694957317.990488,0
1694957318.144344,0
1694957318.265977,0
1694957318.377525,0
1694957318.510890,0
1694957318.630882,0
