1693158148.173679,0
1693158148.281878,13
1693158148.390800,41
1693158148.499681,72
1693158148.608125,100
1693158148.716506,100
1693158148.824990,100
1693158148.933938,100
1693158149.042601,100
1693158149.151083,100
1693158149.259514,100
1693158149.369731,98
1693158149.479409,99
1693158149.588586,99
1693158149.697123,100
1693158149.806162,100
1693158149.914689,100
1693158150.023157,28
1693158150.131915,14
1693158150.240489,81
1693158150.349299,91
1693158150.457999,90
1693158150.567130,78
1693158150.676102,77
1693158150.784849,79
1693158150.893506,75
1693158151.002690,76
1693158151.111239,75
1693158151.219471,77
1693158151.328416,77
1693158151.437333,77
1693158151.546595,78
1693158151.655517,78
1693158151.764262,78
1693158151.872682,76
1693158151.982062,78
1693158152.090134,77
1693158152.198842,79
1693158152.307886,78
1693158152.415117,79
1693158152.521394,79
1693158152.627761,79
1693158152.734259,80
1693158152.840352,79
1693158152.947286,80
1693158153.055880,79
1693158153.164633,80
1693158153.272645,81
1693158153.381435,82
1693158153.489879,81
1693158153.598711,83
1693158153.707391,84
1693158153.816042,86
1693158153.925043,84
1693158154.033797,84
1693158154.141263,84
1693158154.249883,83
1693158154.359055,84
1693158154.466965,84
1693158154.574847,84
1693158154.683897,84
1693158154.792586,85
1693158154.901435,85
1693158155.010135,85
1693158155.118947,85
1693158155.226415,87
1693158155.332645,87
1693158155.441129,87
1693158155.550008,88
1693158155.658645,87
1693158155.768159,89
1693158155.877140,89
1693158155.986571,88
1693158156.095700,88
1693158156.205030,89
1693158156.312440,88
1693158156.421339,89
1693158156.529798,90
1693158156.638184,89
1693158156.747519,90
1693158156.856314,89
1693158156.965258,90
1693158157.074115,91
1693158157.182743,91
1693158157.291586,92
1693158157.398951,91
1693158157.505600,92
1693158157.614031,92
1693158157.722394,93
1693158157.830731,93
1693158157.939670,94
1693158158.048351,93
1693158158.157850,92
1693158158.267015,92
1693158158.376328,92
1693158158.485187,93
1693158158.595596,94
1693158158.705113,95
1693158158.814188,95
1693158158.923015,96
1693158159.031803,96
1693158159.139830,94
1693158159.248656,96
1693158159.357002,98
1693158159.465586,97
1693158159.574406,95
1693158159.684026,96
1693158159.793003,96
1693158159.901861,97
1693158160.013491,96
1693158160.121076,96
1693158160.230221,97
1693158160.338738,98
1693158160.446541,98
1693158160.555209,100
1693158160.664963,99
1693158160.772318,99
1693158160.880522,99
1693158160.988962,99
1693158161.097839,97
1693158161.206197,71
1693158161.314280,46
1693158161.423291,47
1693158161.531173,48
1693158161.639316,47
1693158161.746449,48
1693158161.853825,49
1693158161.959800,50
1693158162.067503,51
1693158162.174695,50
1693158162.283190,52
1693158162.391467,51
1693158162.500599,52
1693158162.608668,52
1693158162.716980,52
1693158162.825012,51
1693158162.933353,53
1693158163.041580,53
1693158163.148881,53
1693158163.257169,54
1693158163.365269,54
1693158163.472737,55
1693158163.580148,56
1693158163.686179,57
1693158163.794519,57
1693158163.902810,58
1693158164.008230,57
1693158164.114076,58
1693158164.219790,57
1693158164.328435,58
1693158164.435565,58
1693158164.542415,58
1693158164.648836,58
1693158164.755319,60
1693158164.861770,60
1693158164.968346,60
1693158165.075010,61
1693158165.182070,63
1693158165.288104,62
1693158165.394754,64
1693158165.502464,63
1693158165.608959,62
1693158165.715440,63
1693158165.821878,63
1693158165.928354,63
1693158166.034842,63
1693158166.141398,63
1693158166.247784,63
1693158166.354069,64
1693158166.460500,65
1693158166.567148,65
1693158166.674579,66
1693158166.781501,66
1693158166.888234,66
1693158166.996217,68
1693158167.102512,69
1693158167.209021,68
1693158167.316856,68
1693158167.425546,69
1693158167.532902,68
1693158167.639889,68
1693158167.747785,70
1693158167.854745,70
1693158167.961504,69
1693158168.068159,70
1693158168.176056,69
1693158168.284202,71
1693158168.392041,70
1693158168.499801,72
1693158168.607660,72
1693158168.714625,73
1693158168.823495,72
1693158168.932604,72
1693158169.041435,73
1693158169.150069,73
1693158169.259131,74
1693158169.367732,74
1693158169.476240,74
1693158169.584642,73
1693158169.694118,73
1693158169.802930,75
1693158169.911750,75
1693158170.020705,76
1693158170.129466,77
1693158170.237651,77
1693158170.347001,77
1693158170.453695,76
1693158170.561990,77
1693158170.670170,77
1693158170.778842,77
1693158170.884823,78
1693158170.991854,78
1693158171.098481,78
1693158171.204065,79
1693158171.310992,80
1693158171.417519,81
1693158171.524227,81
1693158171.629925,80
1693158171.736703,81
1693158171.841994,81
1693158171.950679,82
1693158172.059050,80
1693158172.167486,81
1693158172.275634,82
1693158172.384713,82
1693158172.493909,82
1693158172.602664,83
1693158172.711203,82
1693158172.819821,82
1693158172.928716,83
1693158173.038746,84
1693158173.147531,84
1693158173.256530,83
1693158173.364915,84
1693158173.473316,86
1693158173.581897,86
1693158173.690256,85
1693158173.798757,86
1693158173.908758,85
1693158174.018163,85
1693158174.128882,86
1693158174.238494,86
1693158174.349163,87
1693158174.458703,86
1693158174.567755,86
1693158174.677391,87
1693158174.786766,88
1693158174.895976,89
1693158175.005134,89
1693158175.113123,89
1693158175.222461,89
1693158175.330434,90
1693158175.437787,89
1693158175.544468,89
1693158175.650538,90
1693158175.757367,90
1693158175.866121,90
1693158175.976969,89
1693158176.085799,91
1693158176.193474,92
1693158176.302161,90
1693158176.409742,91
1693158176.519293,92
1693158176.627232,93
1693158176.736747,93
1693158176.846288,93
1693158176.954279,94
1693158177.063447,94
1693158177.172735,93
1693158177.281776,92
1693158177.390124,92
1693158177.498766,93
1693158177.608224,95
1693158177.716844,93
1693158177.825172,94
1693158177.933951,94
1693158178.042340,94
1693158178.151049,95
1693158178.261828,96
1693158178.369418,96
1693158178.474763,96
1693158178.581894,97
1693158178.690060,96
1693158178.797723,97
1693158178.905732,98
1693158179.014062,97
1693158179.122287,98
1693158179.229452,97
1693158179.337622,97
1693158179.446277,97
1693158179.555177,98
1693158179.662773,98
1693158179.771239,99
1693158179.879490,99
1693158179.987283,99
1693158180.094576,98
1693158180.204103,99
1693158180.311457,99
1693158180.418224,98
1693158180.525823,84
1693158180.632294,45
1693158180.739904,46
1693158180.847331,48
1693158180.955773,47
1693158181.064633,48
1693158181.173457,48
1693158181.282392,48
1693158181.391101,50
1693158181.499409,50
1693158181.608981,51
1693158181.717548,53
1693158181.825877,52
1693158181.934127,53
1693158182.042949,52
1693158182.151475,53
1693158182.259758,52
1693158182.369032,52
1693158182.477954,53
1693158182.586631,53
1693158182.695153,55
1693158182.803820,55
1693158182.912184,54
1693158183.020825,55
1693158183.129959,57
1693158183.239510,56
1693158183.349040,58
1693158183.458252,59
1693158183.567323,58
1693158183.676544,58
1693158183.785674,59
1693158183.894764,59
1693158184.004116,59
1693158184.112926,60
1693158184.221729,59
1693158184.330285,60
1693158184.438787,61
1693158184.547336,62
1693158184.656444,63
1693158184.764942,64
1693158184.873856,63
1693158184.982700,62
1693158185.091270,62
1693158185.200115,62
1693158185.307508,62
1693158185.415122,64
1693158185.523001,63
1693158185.630780,64
1693158185.738207,64
1693158185.844755,65
1693158185.950726,66
1693158186.056603,66
1693158186.162949,67
1693158186.269504,66
1693158186.377063,68
1693158186.485085,68
1693158186.593832,68
1693158186.702491,67
1693158186.810111,67
1693158186.917563,68
1693158187.025175,67
1693158187.132053,68
1693158187.239759,70
1693158187.347896,69
1693158187.456511,70
1693158187.566088,70
1693158187.674305,71
1693158187.782930,73
1693158187.889954,72
1693158187.998974,73
1693158188.107773,73
1693158188.216486,74
1693158188.325418,72
1693158188.433361,71
1693158188.541198,73
1693158188.649647,72
1693158188.757745,74
1693158188.866170,74
1693158188.974842,74
1693158189.083490,74
1693158189.192142,74
1693158189.301292,76
1693158189.409958,77
1693158189.525886,77
1693158189.634406,78
1693158189.742951,76
1693158189.852113,77
1693158189.961348,76
1693158190.069907,76
1693158190.178676,77
1693158190.287456,78
1693158190.396448,79
1693158190.505152,79
1693158190.613722,78
1693158190.722739,79
1693158190.831555,79
1693158190.940226,80
1693158191.049037,81
1693158191.158204,81
1693158191.267629,81
1693158191.376380,81
1693158191.485617,82
1693158191.594721,81
1693158191.704944,82
1693158191.812835,81
1693158191.922538,82
1693158192.030494,83
1693158192.138276,82
1693158192.245883,83
1693158192.355311,83
1693158192.464356,84
1693158192.574131,84
1693158192.684118,84
1693158192.793786,86
1693158192.903285,86
1693158193.013111,85
1693158193.123158,85
1693158193.232618,86
1693158193.341702,86
1693158193.451134,86
1693158193.560219,86
1693158193.669504,87
1693158193.778752,87
1693158193.887498,87
1693158193.996360,87
1693158194.105074,88
1693158194.214270,88
1693158194.322905,88
1693158194.431899,88
1693158194.543490,89
1693158194.652470,89
1693158194.761315,89
1693158194.870197,89
1693158194.978928,91
1693158195.088202,90
1693158195.197506,89
1693158195.306049,90
1693158195.417018,91
1693158195.526642,91
1693158195.636034,91
1693158195.745423,90
1693158195.855288,91
1693158195.965177,93
1693158196.074997,92
1693158196.185788,93
1693158196.294734,95
1693158196.403890,94
1693158196.512861,94
1693158196.621705,94
1693158196.731136,94
1693158196.840430,94
1693158196.949899,94
1693158197.058744,94
1693158197.167921,95
1693158197.277967,95
1693158197.387076,94
1693158197.496107,95
1693158197.605450,95
1693158197.714582,96
1693158197.823782,96
1693158197.931379,97
1693158198.040599,98
1693158198.149502,98
1693158198.258052,97
1693158198.367527,98
1693158198.475289,97
1693158198.583288,98
1693158198.691657,97
1693158198.798874,99
1693158198.906816,98
1693158199.015547,99
1693158199.124255,99
1693158199.231568,98
1693158199.343706,98
1693158199.452342,98
1693158199.561139,99
1693158199.669946,99
1693158199.778642,97
1693158199.887332,90
1693158199.995808,69
1693158200.104009,47
1693158200.212404,48
1693158200.320630,47
1693158200.428978,49
1693158200.537286,49
1693158200.645845,48
1693158200.754431,49
1693158200.862537,50
1693158200.972227,51
1693158201.081346,51
1693158201.189976,52
1693158201.297853,52
1693158201.406056,53
1693158201.515278,54
1693158201.623765,54
1693158201.732556,52
1693158201.841252,53
1693158201.949930,53
1693158202.058580,55
1693158202.167229,55
1693158202.274644,54
1693158202.383176,56
1693158202.491822,56
1693158202.600650,57
1693158202.707524,57
1693158202.816247,58
1693158202.925381,58
1693158203.033677,58
1693158203.142206,59
1693158203.250795,60
1693158203.360589,59
1693158203.469287,59
1693158203.577557,59
1693158203.685788,59
1693158203.794680,59
1693158203.904146,60
1693158204.013149,60
1693158204.121918,62
1693158204.231097,63
1693158204.339684,64
1693158204.447823,63
1693158204.557365,64
1693158204.665657,63
1693158204.774328,62
1693158204.883778,63
1693158204.992648,63
1693158205.101731,63
1693158205.210178,65
1693158205.318694,65
1693158205.426610,65
1693158205.533900,67
1693158205.641023,68
1693158205.750055,67
1693158205.859303,68
1693158205.968561,69
1693158206.077965,69
1693158206.186542,68
1693158206.295136,68
1693158206.403800,68
1693158206.512302,68
1693158206.620594,69
1693158206.728946,69
1693158206.838286,70
1693158206.947026,71
1693158207.056130,71
1693158207.164598,72
1693158207.273575,72
1693158207.382595,73
1693158207.492089,73
1693158207.600663,73
1693158207.709435,73
1693158207.818324,72
1693158207.927465,72
1693158208.036104,72
1693158208.145254,74
1693158208.254319,74
1693158208.362411,74
1693158208.469329,75
1693158208.576000,75
1693158208.683790,75
