1694959430.689285,0
1694959430.802482,16
1694959430.913943,39
1694959431.036308,80
1694959431.146864,99
1694959431.258121,100
1694959431.369987,100
1694959431.500278,99
1694959431.616071,100
1694959431.730300,99
1694959431.841539,99
1694959431.951630,99
1694959432.062410,100
1694959432.174418,97
1694959432.292329,99
1694959432.402107,94
1694959432.511493,99
1694959432.622219,94
1694959432.742163,99
1694959432.856798,96
1694959433.060434,87
1694959433.177525,84
1694959433.289676,78
1694959433.431072,63
1694959433.543218,63
1694959433.666001,72
1694959433.779277,61
1694959433.894602,40
1694959434.011975,41
1694959434.124119,38
1694959434.232803,41
1694959434.342947,40
1694959434.456098,41
1694959434.565637,40
1694959434.677464,41
1694959434.789056,41
1694959434.897997,43
1694959435.008613,43
1694959435.118369,45
1694959435.227512,45
1694959435.340372,45
1694959435.452861,44
1694959435.566978,46
1694959435.678092,47
1694959435.790115,47
1694959435.901369,47
1694959436.013395,49
1694959436.122862,50
1694959436.235617,48
1694959436.345243,50
1694959436.459280,51
1694959436.571379,50
1694959436.684206,50
1694959436.806390,53
1694959436.920095,52
1694959437.029929,54
1694959437.142947,51
1694959437.257184,52
1694959437.366893,54
1694959437.482545,55
1694959437.598230,53
1694959437.713205,56
1694959437.827996,55
1694959437.938692,55
1694959438.048144,55
1694959438.161717,56
1694959438.271000,58
1694959438.380291,58
1694959438.494310,59
1694959438.604993,60
1694959438.717377,57
1694959438.832507,59
1694959438.946600,60
1694959439.058557,73
1694959439.177251,71
1694959439.289687,81
1694959439.403126,95
1694959439.514585,95
1694959439.625601,92
1694959439.737112,91
1694959439.852905,65
1694959439.964134,65
1694959440.073121,63
1694959440.182291,63
1694959440.294861,63
1694959440.410346,64
1694959440.525390,63
1694959440.640466,63
1694959440.751076,64
1694959440.861930,65
1694959440.972127,66
1694959441.088376,66
1694959441.198915,66
1694959441.311084,67
1694959441.427000,67
1694959441.536429,67
1694959441.646073,67
1694959441.761625,67
1694959441.872885,68
1694959441.985514,70
1694959442.096943,70
1694959442.204842,71
1694959442.315618,71
1694959442.429691,70
1694959442.544142,69
1694959442.657606,71
1694959442.769033,72
1694959442.881302,71
1694959442.989813,71
1694959443.098937,71
1694959443.209960,73
1694959443.321276,74
1694959443.434772,72
1694959443.547242,74
1694959443.661575,73
1694959443.785211,74
1694959443.898286,75
1694959444.012551,74
1694959444.134563,76
1694959444.247080,75
1694959444.366264,75
1694959444.479992,76
1694959444.592830,75
1694959444.712541,76
1694959444.827185,77
1694959444.937930,78
1694959445.050489,77
1694959445.162352,84
1694959445.277350,86
1694959445.393262,90
1694959445.510077,98
1694959445.621466,97
1694959445.733191,100
1694959445.842533,93
1694959445.962890,94
1694959446.074854,99
1694959446.193931,100
1694959446.310908,86
1694959446.421663,86
1694959446.533845,79
1694959446.644742,77
1694959446.764337,41
1694959446.886775,40
1694959446.997490,41
1694959447.112089,41
1694959447.311812,41
1694959447.421222,41
1694959447.532755,41
1694959447.649825,42
1694959447.763665,42
1694959447.874291,43
1694959447.984581,45
1694959448.096506,44
1694959448.209065,44
1694959448.318991,45
1694959448.434806,46
1694959448.544681,47
1694959448.656833,47
1694959448.765525,48
1694959448.876394,48
1694959448.987831,48
1694959449.100175,49
1694959449.256284,46
1694959449.369975,49
1694959449.479739,50
1694959449.595052,52
1694959449.705902,51
1694959449.815783,51
1694959449.945734,52
1694959450.063996,52
1694959450.173073,52
1694959450.284459,53
1694959450.393934,53
1694959450.505139,54
1694959450.641929,50
1694959450.752348,54
1694959450.865690,57
1694959450.979886,57
1694959451.097045,55
1694959451.213780,57
1694959451.324867,55
1694959451.436820,56
1694959451.547116,58
1694959451.659187,58
1694959451.770351,68
1694959451.885650,80
1694959452.002804,89
1694959452.119662,97
1694959452.234517,90
1694959452.346057,88
1694959452.465079,61
1694959452.576108,31
1694959452.684568,28
1694959452.793568,28
1694959452.903104,31
1694959453.020744,32
1694959453.149399,31
1694959453.262700,34
1694959453.378560,33
1694959453.490310,35
1694959453.600934,35
1694959453.714475,34
1694959453.829481,37
1694959453.946755,37
1694959454.057170,37
1694959454.172351,37
1694959454.282486,39
1694959454.398623,40
1694959454.513136,39
1694959454.622518,42
1694959454.742289,41
1694959454.853580,43
1694959454.965824,42
1694959455.077278,42
1694959455.188237,42
1694959455.300274,43
1694959455.413146,44
1694959455.528691,44
1694959455.642112,45
1694959455.752738,45
1694959455.862053,46
1694959455.991056,47
1694959456.101793,47
1694959456.213084,47
1694959456.333151,47
1694959456.447374,47
1694959456.559208,48
1694959456.672845,48
1694959456.784448,52
1694959456.899279,52
1694959457.019654,51
1694959457.133256,53
1694959457.243416,50
1694959457.354584,51
1694959457.466619,51
1694959457.578391,52
1694959457.688013,58
1694959457.807189,59
1694959457.923452,63
1694959458.034814,73
1694959458.151091,76
1694959458.269976,86
1694959458.392079,85
1694959458.505003,57
1694959458.621116,60
1694959458.734316,55
1694959458.851267,57
1694959458.964916,58
1694959459.079064,57
1694959459.196748,56
1694959459.336593,55
1694959459.456311,58
1694959459.567226,59
1694959459.677227,59
1694959459.790232,60
1694959459.902968,61
1694959460.025966,59
1694959460.138148,59
1694959460.254561,57
1694959460.370838,61
1694959460.480933,63
1694959460.590143,63
1694959460.701857,62
1694959460.813981,62
1694959460.926153,63
1694959461.038162,64
1694959461.170358,60
1694959461.298436,59
1694959461.412621,64
1694959461.529833,64
1694959461.643846,66
1694959461.765131,64
1694959461.877558,65
1694959461.990419,64
1694959462.101353,64
1694959462.217334,66
1694959462.331374,68
1694959462.446967,69
1694959462.559163,69
1694959462.668404,69
1694959462.779451,68
1694959462.900684,68
1694959463.022295,68
1694959463.213839,66
1694959463.332514,72
1694959463.445983,70
1694959463.558012,69
1694959463.704843,71
1694959463.817021,76
1694959463.934934,81
1694959464.050801,79
1694959464.165040,82
1694959464.275599,88
1694959464.385779,93
1694959464.499855,100
1694959464.610136,93
1694959464.724210,93
1694959464.837152,84
1694959464.948928,84
1694959465.068115,81
1694959465.178001,83
1694959465.290613,75
1694959465.401345,74
1694959465.510829,74
1694959465.637668,73
1694959465.750813,74
1694959465.868270,76
1694959465.984640,77
1694959466.098136,78
1694959466.210005,77
1694959466.342064,75
1694959466.469811,76
1694959466.583537,78
1694959466.695104,77
1694959466.808286,77
1694959466.918579,78
1694959467.029514,77
1694959467.145186,78
1694959467.257127,79
1694959467.367146,79
1694959467.480767,78
1694959467.592718,79
1694959467.703047,80
1694959467.816727,81
1694959467.926969,81
1694959468.038846,83
1694959468.174114,81
1694959468.288657,81
1694959468.402601,80
1694959468.527767,81
1694959468.640088,80
1694959468.753875,80
1694959468.876761,83
1694959468.987998,83
1694959469.252667,83
1694959469.362804,85
1694959469.509288,85
1694959469.638056,84
1694959469.753813,84
1694959469.866107,85
1694959469.977552,85
1694959470.171874,83
1694959470.289982,87
1694959470.404277,86
1694959470.516796,96
1694959470.633199,98
1694959470.742797,98
1694959470.862282,98
1694959470.973527,100
1694959471.104460,96
1694959471.215179,96
1694959471.330275,90
1694959471.441712,66
1694959471.550548,55
1694959471.665061,56
1694959471.774274,48
1694959471.888131,44
1694959471.998427,45
1694959472.118512,46
1694959472.229484,45
1694959472.419206,43
1694959472.529257,46
1694959472.639809,45
1694959472.752739,46
1694959472.864507,47
1694959472.986450,48
1694959473.094908,47
1694959473.233907,47
1694959473.345743,49
1694959473.464951,49
1694959473.577414,50
1694959473.691774,50
1694959473.802028,50
1694959473.912741,50
1694959474.031403,51
1694959474.146020,52
1694959474.265176,54
1694959474.378311,54
1694959474.489281,53
1694959474.602314,54
1694959474.714396,52
1694959474.875619,55
1694959474.986610,55
1694959475.105373,56
1694959475.272046,55
1694959475.399329,56
1694959475.508824,57
1694959475.622568,59
1694959475.732940,58
1694959475.842502,57
1694959475.953176,57
1694959476.062648,58
1694959476.178001,58
1694959476.289619,58
1694959476.399643,59
1694959476.517222,60
1694959476.692082,61
1694959476.804474,59
1694959477.057233,64
1694959477.168610,63
1694959477.285925,73
1694959477.396889,72
1694959477.517411,80
1694959477.635676,78
1694959477.762085,86
1694959477.873422,92
1694959477.987774,92
1694959478.100325,84
1694959478.213513,66
1694959478.338264,64
1694959478.449455,65
1694959478.560639,63
1694959478.674024,64
1694959478.790137,66
1694959478.902225,66
1694959479.013352,67
1694959479.124419,66
1694959479.234323,68
1694959479.349237,68
1694959479.468757,68
1694959479.579103,67
1694959479.695177,66
1694959479.949448,68
1694959480.065291,70
1694959480.179055,70
1694959480.290869,69
1694959480.414826,71
1694959480.531451,70
1694959480.643466,72
1694959480.755210,71
1694959480.865295,72
1694959480.977968,71
1694959481.088456,72
1694959481.200866,74
1694959481.313374,73
1694959481.425507,71
1694959481.537127,72
1694959481.646475,73
1694959481.757157,74
1694959481.876174,75
1694959481.993561,73
1694959482.104337,75
1694959482.216708,76
1694959482.338655,75
1694959482.449531,75
1694959482.573089,75
1694959482.688131,76
1694959482.799513,77
1694959482.913660,76
1694959483.025773,78
1694959483.150370,76
1694959483.262837,77
1694959483.377628,79
1694959483.491051,88
1694959483.610860,90
1694959483.730722,100
1694959483.883227,96
1694959483.993197,99
1694959484.103615,96
1694959484.218660,98
1694959484.339387,87
1694959484.450621,65
1694959484.563246,41
1694959484.681536,46
1694959484.808358,53
1694959484.920490,41
1694959485.032945,40
1694959485.143145,42
1694959485.252599,40
1694959485.367555,41
1694959485.478470,42
1694959485.589387,41
1694959485.705498,43
1694959485.819788,44
1694959485.930966,44
1694959486.042873,44
1694959486.156295,45
1694959486.270103,45
1694959486.393809,46
1694959486.513037,47
1694959486.627443,48
1694959486.759628,47
1694959486.875894,48
1694959486.989986,47
1694959487.106284,47
1694959487.219808,49
1694959487.334480,49
1694959487.458097,51
1694959487.569571,50
1694959487.682574,50
1694959487.795300,51
1694959487.907163,51
1694959488.017705,51
1694959488.150427,51
1694959488.266341,52
1694959488.377908,54
1694959488.492825,55
1694959488.608958,54
1694959488.725536,54
1694959488.837343,54
1694959488.984793,52
1694959489.096224,57
1694959489.213906,54
1694959489.332709,58
1694959489.446970,57
1694959489.558618,57
1694959489.705657,54
1694959489.816874,59
1694959489.928013,59
1694959490.039292,59
1694959490.148164,68
1694959490.262806,69
1694959490.375057,78
1694959490.493445,75
1694959490.605945,82
1694959490.716127,85
1694959490.825651,89
1694959490.937808,76
1694959491.048428,64
1694959491.159916,63
1694959491.270593,63
1694959491.413260,61
1694959491.529998,62
1694959491.645385,65
1694959491.758488,63
1694959491.869420,65
1694959491.985387,64
1694959492.095118,64
1694959492.210859,63
1694959492.324836,64
1694959492.436102,64
1694959492.555003,66
1694959492.670577,68
1694959492.782018,68
1694959492.897616,69
1694959493.010662,68
1694959493.119775,67
1694959493.231744,68
1694959493.342162,68
1694959493.457874,66
1694959493.572376,68
1694959493.686906,70
1694959493.797058,70
1694959493.914300,70
1694959494.026406,71
1694959494.137586,70
1694959494.249678,71
1694959494.366804,69
1694959494.481655,70
1694959494.593977,70
1694959494.720414,72
1694959494.832560,73
1694959494.942701,74
1694959495.062069,72
1694959495.178532,73
1694959495.372018,74
1694959495.489675,76
1694959495.600783,75
1694959495.715351,75
1694959495.827581,75
1694959495.938664,76
1694959496.056466,77
1694959496.170089,76
1694959496.279894,88
1694959496.390441,88
1694959496.501676,97
1694959496.617699,95
1694959496.730458,97
1694959496.842996,98
1694959496.955470,93
1694959497.067097,90
1694959497.180268,88
1694959497.296577,67
1694959497.414735,40
1694959497.527961,39
1694959497.637496,38
1694959497.751111,40
1694959497.861643,40
1694959497.974196,39
1694959498.090552,41
1694959498.202978,41
1694959498.314181,42
1694959498.429757,43
1694959498.543406,42
1694959498.657234,44
1694959498.768320,44
1694959498.878213,44
1694959498.990105,45
1694959499.100869,44
1694959499.210499,44
1694959499.332861,45
1694959499.443556,46
1694959499.554930,47
1694959499.686363,46
1694959499.805439,47
1694959499.933983,48
1694959500.047789,48
1694959500.162268,49
1694959500.272600,49
1694959500.385390,50
1694959500.498067,52
1694959500.614897,51
1694959500.726634,50
1694959500.846439,50
1694959500.958766,53
1694959501.070339,51
1694959501.186850,52
1694959501.297706,53
1694959501.410864,55
1694959501.532371,57
1694959501.642695,56
1694959501.759592,54
1694959501.869772,54
1694959501.985079,55
1694959502.124848,56
1694959502.238471,59
1694959502.365482,52
1694959502.480658,58
1694959502.593583,56
1694959502.706550,69
1694959502.822938,79
1694959502.938401,78
1694959503.049170,82
1694959503.162782,82
1694959503.286786,90
1694959503.397728,77
1694959503.508835,63
1694959503.619306,60
1694959503.731459,60
1694959503.842956,61
1694959503.954286,62
1694959504.064030,61
1694959504.176736,63
1694959504.289319,62
1694959504.400828,64
1694959504.510472,65
1694959504.627301,64
1694959504.739493,65
1694959504.849521,65
1694959504.959423,65
1694959505.070789,66
1694959505.185956,65
1694959505.297934,66
1694959505.409565,64
1694959505.521303,65
1694959505.632307,67
1694959505.743314,65
1694959505.857133,67
1694959505.966398,69
1694959506.082479,69
1694959506.191975,68
1694959506.304956,67
1694959506.420087,70
1694959506.531136,69
1694959506.641455,70
1694959506.752036,71
1694959506.865389,71
1694959506.979955,72
1694959507.093711,72
1694959507.209876,72
1694959507.320216,72
1694959507.435307,72
1694959507.552640,72
1694959507.667564,72
1694959507.779473,72
1694959507.896511,73
1694959508.007123,74
1694959508.120420,75
1694959508.238677,73
1694959508.347707,76
1694959508.462318,74
1694959508.576720,76
1694959508.695281,76
1694959508.812199,87
1694959508.926091,87
1694959509.040351,92
1694959509.151086,94
1694959509.277265,97
1694959509.410930,96
1694959509.524984,100
1694959509.636424,92
1694959509.748353,92
1694959509.859165,97
1694959509.969227,96
1694959510.079784,88
1694959510.190681,87
1694959510.307169,80
1694959510.421496,81
1694959510.540355,79
1694959510.652831,80
1694959510.764134,79
1694959510.876037,80
1694959510.988930,79
1694959511.105889,80
1694959511.217700,80
1694959511.329707,81
1694959511.450105,83
1694959511.561408,82
1694959511.685968,82
1694959511.798268,81
1694959511.910353,82
1694959512.034115,83
1694959512.148939,83
1694959512.268954,85
1694959512.379219,84
1694959512.532189,77
1694959512.642172,84
1694959512.754667,84
1694959512.867366,84
1694959513.065317,86
1694959513.180360,87
1694959513.290548,85
1694959513.408037,87
1694959513.522171,88
1694959513.632405,89
1694959513.741272,87
1694959513.850895,87
1694959513.979737,85
1694959514.091309,87
1694959514.213622,87
1694959514.326164,88
1694959514.437646,88
1694959514.550595,90
1694959514.665307,90
1694959514.776854,90
1694959514.886786,90
1694959515.026471,91
1694959515.137377,91
1694959515.251072,89
1694959515.361036,91
1694959515.471436,91
1694959515.581086,99
1694959515.691326,96
1694959515.805266,98
1694959515.924303,99
1694959516.038147,98
1694959516.149423,90
1694959516.264463,71
1694959516.380346,31
1694959516.491331,30
1694959516.601955,30
1694959516.714504,29
1694959516.826468,29
1694959516.938459,22
1694959517.049008,26
1694959517.276134,21
1694959517.400570,25
1694959517.514838,28
1694959517.629159,27
1694959517.742894,29
1694959517.853605,27
1694959517.965686,28
1694959518.079744,28
1694959518.192688,30
1694959518.305649,31
1694959518.415131,33
1694959518.528599,33
1694959518.641589,33
1694959518.754746,34
1694959518.866856,35
1694959519.045356,34
1694959519.157246,36
1694959519.270018,37
1694959519.381286,36
1694959519.494003,36
1694959519.607241,38
1694959519.717818,37
1694959519.835187,36
1694959519.947086,40
1694959520.150184,35
1694959520.259578,40
1694959520.373374,39
1694959520.489480,43
1694959520.608177,40
1694959520.722200,43
1694959520.834789,43
1694959520.947940,43
1694959521.057469,45
1694959521.167463,46
1694959521.282439,45
1694959521.396608,45
1694959521.508055,45
1694959521.618842,46
1694959521.740887,46
1694959521.852606,46
1694959521.965825,49
1694959522.081387,62
1694959522.210330,70
1694959522.320896,69
1694959522.431638,88
1694959522.543737,84
1694959522.655118,80
1694959522.767805,54
1694959522.879838,54
1694959522.989911,52
1694959523.101569,52
1694959523.212513,51
1694959523.331077,52
1694959523.445270,52
1694959523.604737,45
1694959523.725276,54
1694959523.849188,52
1694959523.960745,53
1694959524.075230,54
1694959524.192868,57
1694959524.306088,56
1694959524.416825,56
1694959524.530106,58
1694959524.657302,57
1694959524.842847,56
1694959524.964470,58
1694959525.077968,58
1694959525.217669,57
1694959525.330403,58
1694959525.445273,57
1694959525.557732,60
1694959525.669487,61
1694959525.784665,61
1694959525.897422,61
1694959526.017979,63
1694959526.146707,62
1694959526.388841,60
1694959526.501669,63
1694959526.618765,63
1694959526.729276,62
1694959526.839545,62
1694959526.951321,63
1694959527.064891,65
1694959527.173985,64
1694959527.290580,65
1694959527.404358,64
1694959527.516649,66
1694959527.627581,65
1694959527.738000,65
1694959527.850143,66
1694959527.967246,66
1694959528.084494,76
1694959528.200308,86
1694959528.313318,88
1694959528.422387,89
1694959528.534623,90
1694959528.653190,91
1694959528.762850,92
1694959528.877500,75
1694959528.995715,71
1694959529.107133,71
1694959529.217695,74
1694959529.366941,70
1694959529.478075,70
1694959529.591226,71
1694959529.746920,67
1694959529.859153,73
1694959529.973538,72
1694959530.085277,73
1694959530.195023,72
1694959530.307145,74
1694959530.422640,74
1694959530.534770,74
1694959530.653171,73
1694959530.772993,74
1694959530.884845,74
1694959530.995091,76
1694959531.112566,74
1694959531.229251,76
1694959531.340038,75
1694959531.453787,76
1694959531.563550,75
1694959531.677492,77
1694959531.790983,77
1694959531.901680,77
1694959532.013313,78
1694959532.124963,79
1694959532.242496,78
1694959532.362812,78
1694959532.477960,79
1694959532.594478,76
1694959532.708903,79
1694959532.822618,81
1694959532.933963,79
1694959533.045554,80
1694959533.156882,80
1694959533.274203,81
1694959533.390490,81
1694959533.500805,81
1694959533.617379,80
1694959533.726860,82
1694959533.838193,80
1694959533.948535,81
1694959534.068406,82
1694959534.179374,82
