1695051462.253797,0
1695051462.378465,16
1695051462.498125,19
1695051462.681181,19
1695051462.837505,15
1695051462.952670,9
1695051463.163167,6
1695051463.289930,3
1695051463.415985,6
1695051463.557603,4
1695051463.691693,9
1695051463.806541,16
1695051464.025809,15
1695051464.149640,15
1695051464.284337,13
1695051464.642380,6
1695051464.762453,19
1695051464.884664,13
1695051465.027414,14
1695051465.154105,15
1695051465.282687,5
1695051465.407076,12
1695051465.518412,16
1695051465.665956,9
1695051465.782343,8
1695051465.956297,6
1695051466.078447,7
1695051466.201970,9
1695051466.333431,8
1695051466.463643,12
1695051466.612890,7
1695051466.745356,13
1695051466.902704,15
1695051467.038392,14
1695051467.172881,18
1695051467.342826,13
1695051467.460342,18
1695051467.583729,11
1695051467.710625,5
1695051467.841638,8
1695051467.965247,10
1695051468.096536,13
1695051468.210223,15
1695051468.343523,15
1695051468.460592,15
1695051468.583042,17
1695051468.706515,18
1695051468.869424,15
1695051468.993356,7
1695051469.114792,3
1695051469.241213,4
1695051469.367770,5
1695051469.494633,7
1695051469.616968,10
1695051469.738698,11
1695051469.870167,14
1695051469.990637,16
1695051470.111025,16
1695051470.270399,11
1695051470.396992,17
1695051470.519257,16
1695051470.631244,18
1695051470.741964,6
1695051470.857703,10
1695051470.969357,20
1695051471.124902,17
1695051471.244281,15
1695051471.362735,18
1695051471.476596,17
1695051471.593349,14
1695051471.711169,15
1695051471.848227,17
1695051471.960291,2
1695051472.077318,14
1695051472.196433,7
1695051472.309552,1
1695051472.435990,2
1695051472.597476,5
1695051472.721872,6
1695051473.014878,6
1695051473.137834,7
1695051473.265200,10
1695051473.402906,8
1695051473.529945,14
1695051473.653977,14
1695051473.782751,17
1695051473.905961,16
1695051474.031416,17
1695051474.155421,17
1695051474.275897,18
1695051474.429715,6
1695051474.549308,3
1695051474.674314,6
1695051474.796626,8
1695051474.917678,9
1695051475.038204,10
1695051475.166433,10
1695051475.289054,13
1695051475.407951,15
1695051475.622579,6
1695051475.754991,16
1695051475.882420,16
1695051476.003532,19
1695051476.122490,17
1695051476.250744,8
1695051476.374752,8
1695051476.517774,11
1695051476.639585,13
1695051476.759288,15
1695051476.873451,15
1695051476.985725,15
1695051477.096633,17
1695051477.209137,18
1695051477.322633,8
1695051477.436613,19
1695051477.550253,19
1695051477.670536,7
1695051477.785076,14
1695051477.898143,10
1695051478.012564,14
1695051478.144374,1
1695051478.256081,19
1695051478.375700,15
1695051478.487411,0
1695051478.782755,2
1695051478.897309,6
1695051479.009592,6
1695051479.133064,8
1695051479.301264,5
1695051479.451724,8
1695051479.573869,11
1695051479.698857,13
1695051479.822991,15
1695051479.944642,16
1695051480.065359,18
1695051480.178348,18
1695051480.293208,19
1695051480.402926,8
1695051480.514166,10
1695051480.625896,12
1695051480.738389,14
1695051480.849850,14
1695051480.963661,14
1695051481.076425,15
1695051481.193718,16
1695051481.305858,17
1695051481.417469,19
1695051481.529746,17
1695051481.641446,8
1695051481.752858,10
1695051482.092174,5
1695051482.212099,11
1695051482.342395,14
1695051482.469928,15
1695051482.619287,15
1695051482.750901,16
1695051482.897136,19
1695051483.029382,16
1695051483.144823,19
1695051483.263753,5
1695051483.418363,3
1695051483.553849,5
1695051483.668119,20
1695051483.788516,13
1695051483.909921,18
1695051484.025156,4
1695051484.136568,20
1695051484.250010,17
1695051484.362685,16
1695051484.479535,2
1695051484.596728,20
1695051484.710028,14
1695051484.826938,2
1695051485.242099,1
1695051485.513286,5
1695051485.647209,2
1695051485.761577,7
1695051485.882038,7
1695051486.206167,6
1695051486.321070,11
1695051486.434099,12
1695051486.550795,14
1695051486.667352,14
1695051486.815623,15
1695051486.934553,16
1695051487.259574,11
1695051487.380934,19
1695051487.498094,7
1695051487.616200,10
1695051487.734217,12
1695051487.850354,12
1695051487.969925,14
1695051488.086520,14
1695051488.210485,16
1695051488.327773,17
1695051488.450444,17
1695051488.566490,16
1695051488.698091,10
1695051488.815340,10
1695051488.930927,11
1695051489.051107,12
1695051489.167267,13
1695051489.284204,13
1695051489.399591,15
1695051489.520626,17
1695051489.644244,18
1695051489.759807,17
1695051489.881744,6
1695051490.003747,18
1695051490.126008,13
1695051490.264000,16
1695051490.388617,6
1695051490.506850,9
1695051490.700896,4
1695051490.833374,12
1695051490.943853,20
1695051491.064748,10
1695051491.178826,15
1695051491.782444,2
1695051491.893979,15
1695051492.008829,8
1695051492.130143,19
1695051492.249358,16
1695051492.361772,19
1695051492.472216,5
1695051492.584589,8
1695051492.756708,5
1695051492.879355,9
1695051492.998394,12
1695051493.117281,13
1695051493.235059,16
1695051493.578026,8
1695051493.707879,16
1695051494.237930,13
1695051494.375444,18
1695051494.502470,9
1695051494.644284,8
1695051494.771414,9
1695051494.901790,12
1695051495.025661,14
1695051495.152638,14
1695051495.277745,16
1695051495.399037,19
1695051495.750260,15
1695051495.873066,16
1695051495.998446,10
1695051496.126064,10
1695051496.252534,9
1695051496.370996,12
1695051496.487820,13
1695051496.606375,17
1695051496.747461,14
1695051496.941158,10
1695051497.055434,18
1695051497.170344,19
1695051497.285915,17
1695051497.402714,8
1695051497.522042,11
1695051497.640996,17
1695051497.762902,11
1695051497.885184,15
1695051498.006512,18
1695051498.123388,7
1695051498.236443,19
1695051498.349505,16
1695051498.462167,13
1695051498.578599,2
1695051498.690022,19
1695051498.802645,13
1695051498.921794,1
1695051499.036716,3
1695051499.160758,7
1695051499.279352,8
1695051499.398863,9
1695051499.527093,10
1695051499.691188,12
1695051499.807202,13
1695051499.930636,14
1695051500.066877,16
1695051500.192077,17
1695051500.313052,16
1695051500.441627,19
1695051500.569607,14
1695051500.697615,9
1695051500.997929,8
1695051501.239288,8
1695051501.370584,10
1695051501.491486,12
1695051501.628448,12
1695051501.751943,15
1695051501.887501,17
1695051502.014286,19
1695051502.137982,19
1695051502.260594,14
1695051502.765590,1
1695051502.880976,9
1695051502.990642,12
1695051503.100834,13
1695051503.213272,13
1695051503.323290,15
1695051503.436814,17
1695051503.581691,19
1695051503.720084,17
1695051503.842000,17
1695051503.959389,8
1695051504.088263,20
1695051504.214759,16
1695051504.335172,3
1695051504.446740,16
1695051504.557333,17
1695051504.666999,13
1695051504.796602,2
1695051504.912738,20
1695051505.027110,3
1695051505.140366,19
1695051505.252939,0
1695051505.363299,3
1695051505.477737,5
1695051505.601221,5
1695051505.722855,7
1695051505.857440,9
1695051505.990513,10
1695051506.124870,12
1695051506.249991,9
1695051506.382158,12
1695051506.523185,17
1695051506.680720,14
1695051506.794856,18
1695051506.908977,20
1695051507.024506,11
1695051507.145847,5
1695051507.270375,7
1695051507.382436,8
1695051507.495342,9
1695051507.613662,11
1695051507.726462,12
1695051507.850042,13
1695051507.968919,15
1695051508.080441,17
1695051508.191303,18
1695051508.303055,16
1695051508.417365,16
1695051508.528828,6
1695051508.669899,6
1695051508.821576,3
1695051509.026192,5
1695051509.144134,10
1695051509.277783,14
1695051509.434867,13
1695051509.551966,14
1695051509.674150,16
1695051509.790644,16
1695051509.922751,20
1695051510.049089,17
1695051510.169613,6
1695051510.282438,12
1695051510.398228,15
1695051510.509649,14
1695051510.620748,17
1695051510.731829,19
1695051510.853223,6
1695051510.969033,12
1695051511.120592,20
1695051511.240801,18
1695051511.358439,14
1695051511.478477,1
1695051511.600603,15
1695051511.735674,15
1695051511.848523,4
1695051511.958518,4
1695051512.068918,6
1695051512.180136,8
1695051512.385134,8
1695051512.558455,9
1695051512.698741,8
1695051512.988948,11
1695051513.115179,15
1695051513.230311,16
1695051513.341635,18
1695051513.497036,15
1695051513.625005,8
1695051513.756067,10
1695051513.873163,13
1695051513.984485,14
1695051514.104873,13
1695051514.233093,14
1695051514.412950,12
1695051514.536036,17
1695051514.660694,18
1695051514.786964,20
1695051514.904956,3
1695051515.024132,3
1695051515.140734,6
1695051515.265326,9
1695051515.391838,9
1695051515.543771,7
1695051515.666827,11
1695051515.804104,10
1695051515.925799,15
1695051516.047174,15
1695051516.166549,16
1695051516.287212,17
1695051516.410330,18
1695051516.530630,17
1695051516.650042,7
1695051516.765932,10
1695051516.886578,13
1695051517.004813,17
1695051517.132943,13
1695051517.261362,17
1695051517.399143,15
1695051517.535412,3
1695051517.646551,19
1695051517.759102,17
1695051517.878022,4
1695051518.167151,20
1695051518.284002,13
1695051518.393355,2
1695051518.507787,4
1695051518.650806,4
1695051518.783913,6
1695051518.905985,10
1695051519.034596,9
1695051519.169963,10
1695051519.298268,15
1695051519.425927,12
1695051519.570677,15
1695051519.730579,15
1695051519.852520,17
1695051519.970418,18
1695051520.093782,5
1695051520.230050,9
1695051520.368912,8
1695051520.512941,10
1695051520.631065,15
1695051520.745255,16
1695051520.865046,17
1695051520.995611,14
1695051521.123072,16
1695051521.242146,18
1695051521.357161,2
1695051521.469162,4
1695051521.581062,7
1695051521.693815,6
1695051521.804532,10
1695051521.914305,11
1695051522.024299,13
1695051522.235270,6
1695051522.352145,14
1695051522.470125,15
1695051522.592627,18
1695051522.710479,17
1695051522.837439,17
1695051522.960968,16
1695051523.091225,7
1695051523.221226,9
1695051523.338021,12
1695051523.461957,13
