1693198435.654698,0
1693198435.758551,20
1693198435.862632,20
1693198435.966595,20
1693198436.070765,20
1693198436.174041,20
1693198436.277532,12
1693198436.381691,13
1693198436.484102,15
1693198436.587788,18
1693198436.691852,19
1693198436.794847,19
1693198436.897963,20
1693198437.002272,13
1693198437.105043,14
1693198437.208551,16
1693198437.312787,20
1693198437.415958,10
1693198437.519316,12
1693198437.623470,17
1693198437.728661,20
1693198437.831326,20
1693198437.933896,20
1693198438.038139,16
1693198438.142379,19
1693198438.245268,19
1693198438.347475,14
1693198438.450459,19
1693198438.554088,20
1693198438.656783,19
1693198438.760469,10
1693198438.863372,20
1693198438.967535,20
1693198439.071307,18
1693198439.175322,10
1693198439.279197,13
1693198439.382306,14
1693198439.489563,15
1693198439.593390,17
1693198439.697955,19
1693198439.802133,19
1693198439.906236,20
1693198440.010249,20
1693198440.114232,12
1693198440.218519,13
1693198440.323084,15
1693198440.426398,17
1693198440.528589,18
1693198440.632838,19
1693198440.736499,19
1693198440.839461,15
1693198440.943608,14
1693198441.047208,15
1693198441.150294,16
1693198441.254186,19
1693198441.358249,19
1693198441.462243,19
1693198441.566219,20
1693198441.670374,14
1693198441.774409,15
1693198441.878560,17
1693198441.982853,18
1693198442.087399,18
1693198442.191508,19
1693198442.295900,19
1693198442.400551,15
1693198442.506232,15
1693198442.610773,15
1693198442.714199,18
1693198442.817365,19
1693198442.921317,20
1693198443.024456,20
1693198443.128322,20
1693198443.231927,13
1693198443.336174,15
1693198443.439896,16
1693198443.542965,18
1693198443.647189,19
1693198443.750314,19
1693198443.852826,12
1693198443.956227,14
1693198444.060150,15
1693198444.163438,17
1693198444.266889,18
1693198444.369779,19
1693198444.472141,20
1693198444.574637,14
1693198444.677213,14
1693198444.780189,14
1693198444.883013,17
1693198444.985810,18
1693198445.089139,19
1693198445.194097,20
1693198445.296144,19
1693198445.399009,11
1693198445.501965,14
1693198445.604330,15
1693198445.707072,17
1693198445.810964,19
1693198445.914828,20
1693198446.019008,20
1693198446.123423,13
1693198446.227598,16
1693198446.330892,20
1693198446.434478,20
1693198446.538414,18
1693198446.642370,16
1693198446.744703,19
1693198446.847221,20
1693198446.949287,8
1693198447.052611,10
1693198447.156310,19
1693198447.259369,16
1693198447.362313,19
1693198447.466208,17
1693198447.569906,20
1693198447.671813,17
1693198447.775356,9
1693198447.878669,10
1693198447.982332,12
1693198448.085164,14
1693198448.188210,15
1693198448.291716,18
1693198448.395134,19
1693198448.499034,20
1693198448.602578,13
1693198448.706551,14
1693198448.810581,15
1693198448.914407,17
1693198449.018441,18
1693198449.122365,19
1693198449.226021,20
1693198449.329631,15
1693198449.433086,12
1693198449.538219,14
1693198449.641191,16
1693198449.745221,17
1693198449.848281,19
1693198449.951114,20
1693198450.054037,20
1693198450.157618,13
1693198450.260773,14
1693198450.365049,16
1693198450.469335,18
1693198450.576896,19
1693198450.680811,20
1693198450.784759,19
1693198450.888823,12
1693198450.992969,14
1693198451.096990,14
1693198451.204866,17
1693198451.308582,19
1693198451.412394,20
1693198451.516228,20
1693198451.620295,13
1693198451.724333,15
1693198451.828218,16
1693198451.932465,18
1693198452.036131,19
1693198452.140018,20
1693198452.244092,20
1693198452.348303,10
1693198452.452666,13
1693198452.556985,15
1693198452.660760,16
1693198452.764558,18
1693198452.868292,20
1693198452.972730,19
1693198453.077560,13
1693198453.181995,14
1693198453.285694,16
1693198453.389899,16
1693198453.494134,19
1693198453.596967,20
1693198453.701606,20
1693198453.807297,12
1693198453.910914,13
1693198454.015143,15
1693198454.125125,20
1693198454.228792,13
1693198454.331267,20
1693198454.434017,16
1693198454.537144,20
1693198454.639841,12
1693198454.744450,20
1693198454.847639,19
1693198454.951982,15
1693198455.056274,8
1693198455.160670,11
1693198455.265038,13
1693198455.369245,15
1693198455.473547,16
1693198455.577460,18
1693198455.681449,18
1693198455.785358,19
1693198455.889348,20
1693198455.993623,20
1693198456.098648,13
1693198456.202646,15
1693198456.305255,16
1693198456.408844,18
1693198456.513174,20
1693198456.617443,19
1693198456.721580,20
1693198456.825737,20
1693198456.930032,13
1693198457.033424,15
1693198457.137771,17
1693198457.241924,18
1693198457.345986,19
1693198457.449921,19
1693198457.553824,11
1693198457.660154,13
1693198457.764368,14
1693198457.868141,16
1693198457.972533,17
1693198458.076977,18
1693198458.181090,20
1693198458.285086,20
1693198458.389296,11
1693198458.492833,13
1693198458.596593,15
1693198458.701053,16
1693198458.804998,18
1693198458.908780,19
1693198459.013525,20
1693198459.117983,18
1693198459.221195,13
1693198459.324804,15
1693198459.428985,16
1693198459.534455,18
1693198459.638735,19
1693198459.742804,20
1693198459.847072,20
1693198459.951105,11
1693198460.055074,14
1693198460.159060,14
1693198460.261335,17
1693198460.364133,19
1693198460.468129,19
1693198460.572223,20
1693198460.676413,12
1693198460.780963,13
1693198460.885286,16
1693198460.989443,16
1693198461.093764,18
1693198461.197746,15
1693198461.301468,16
1693198461.405855,19
1693198461.510096,19
1693198461.614122,18
1693198461.717912,12
1693198461.821877,13
1693198461.926715,20
1693198462.031010,16
1693198462.135013,13
1693198462.239562,17
1693198462.343536,14
1693198462.447837,20
1693198462.551920,15
1693198462.655989,15
1693198462.760239,18
1693198462.864909,19
1693198462.968607,19
1693198463.072903,16
1693198463.177068,18
1693198463.281641,19
1693198463.386283,20
1693198463.490049,20
1693198463.594191,12
1693198463.699220,15
1693198463.802517,16
1693198463.905895,17
1693198464.008863,19
1693198464.111362,20
1693198464.214859,20
1693198464.317606,19
1693198464.420458,13
1693198464.523430,15
1693198464.626075,16
1693198464.728167,18
1693198464.831830,19
1693198464.935008,19
1693198465.038084,20
1693198465.140607,18
1693198465.244949,13
1693198465.349328,15
1693198465.453580,16
1693198465.557435,18
1693198465.660462,19
1693198465.763096,20
1693198465.868010,11
1693198465.971306,13
1693198466.075153,14
1693198466.179180,16
1693198466.281656,18
1693198466.384337,18
1693198466.487486,20
1693198466.591565,14
1693198466.694369,13
1693198466.798316,15
1693198466.902634,17
1693198467.006689,18
1693198467.110766,19
1693198467.216706,20
1693198467.321234,18
1693198467.423400,13
1693198467.527205,14
1693198467.629409,17
1693198467.733542,18
1693198467.837851,19
1693198467.942248,20
1693198468.046506,10
1693198468.151551,13
1693198468.254922,14
1693198468.358888,16
1693198468.462660,18
1693198468.566708,19
1693198468.669541,20
1693198468.774004,12
1693198468.877351,14
1693198468.980826,15
1693198469.084839,20
1693198469.189879,20
1693198469.293913,14
1693198469.397812,19
1693198469.501504,20
1693198469.604173,17
1693198469.708242,18
1693198469.812272,20
1693198469.916025,20
1693198470.019382,15
1693198470.123358,20
1693198470.227325,19
1693198470.331463,6
1693198470.439600,9
1693198470.543672,11
1693198470.653452,14
1693198470.757637,15
1693198470.861718,17
1693198470.965968,18
1693198471.070306,19
1693198471.174300,20
1693198471.278810,11
1693198471.382739,13
1693198471.485272,14
1693198471.589482,16
1693198471.693487,17
1693198471.797828,19
1693198471.900394,19
1693198472.002975,18
1693198472.107000,13
1693198472.211122,14
1693198472.313444,17
1693198472.415542,18
1693198472.517872,19
1693198472.620368,18
1693198472.724405,17
1693198472.828578,14
1693198472.933403,15
1693198473.037756,17
1693198473.142318,18
1693198473.246579,19
1693198473.351057,20
1693198473.454875,20
1693198473.558838,12
1693198473.663183,12
1693198473.767419,13
1693198473.871436,17
1693198473.975191,19
1693198474.079273,20
1693198474.183508,19
1693198474.287877,13
1693198474.392397,15
1693198474.495132,16
1693198474.599175,18
1693198474.702709,18
1693198474.806861,19
1693198474.911175,20
1693198475.015487,12
1693198475.119465,14
1693198475.223459,15
1693198475.327710,16
1693198475.432008,18
1693198475.536214,20
1693198475.640675,20
1693198475.745260,12
1693198475.849682,14
1693198475.953935,16
1693198476.058360,17
1693198476.161848,18
1693198476.266163,20
1693198476.370377,20
1693198476.474880,20
1693198476.578988,13
1693198476.692802,19
1693198476.797233,16
1693198476.901535,17
1693198477.005742,19
1693198477.111505,9
1693198477.215852,20
1693198477.319866,20
1693198477.425157,6
1693198477.528464,20
1693198477.632451,17
1693198477.736931,8
1693198477.841583,10
1693198477.946224,12
1693198478.050612,14
1693198478.155131,16
1693198478.259198,17
1693198478.363151,18
1693198478.468595,20
1693198478.571949,17
1693198478.675728,12
1693198478.778496,15
1693198478.880823,17
1693198478.986229,18
1693198479.090291,19
1693198479.194392,19
1693198479.298586,19
1693198479.402722,19
1693198479.506613,14
1693198479.610237,15
1693198479.712872,17
1693198479.815936,18
1693198479.920034,18
1693198480.023109,19
1693198480.125801,19
1693198480.229040,15
1693198480.332116,9
1693198480.437262,12
1693198480.539287,14
1693198480.641765,16
1693198480.744511,17
1693198480.848886,18
1693198480.952574,19
1693198481.054742,20
1693198481.158206,11
1693198481.260536,12
1693198481.364269,14
1693198481.467604,17
1693198481.570896,18
1693198481.674022,19
1693198481.777068,20
1693198481.881421,18
1693198481.985751,13
1693198482.089514,15
1693198482.193502,17
1693198482.297241,17
1693198482.401395,19
1693198482.505904,20
1693198482.610635,20
1693198482.714718,13
1693198482.818225,14
1693198482.922487,16
1693198483.026119,17
1693198483.129941,19
1693198483.233788,20
1693198483.336692,19
1693198483.440450,12
1693198483.543205,14
1693198483.646217,16
1693198483.749555,19
1693198483.852003,20
1693198483.954626,17
1693198484.057794,19
1693198484.161828,20
1693198484.265291,18
1693198484.369275,17
1693198484.474614,20
1693198484.578524,19
1693198484.681826,10
1693198484.785382,20
1693198484.889658,19
1693198484.994143,18
1693198485.096942,10
1693198485.200398,12
1693198485.304909,13
1693198485.409135,16
1693198485.512109,17
1693198485.615286,19
1693198485.719123,20
1693198485.822783,20
1693198485.927185,11
1693198486.031500,14
1693198486.134766,15
1693198486.237965,17
1693198486.340529,18
1693198486.443597,20
1693198486.547079,19
1693198486.650176,12
1693198486.754193,14
1693198486.857841,15
1693198486.962045,17
1693198487.066514,17
1693198487.170996,19
1693198487.275342,18
1693198487.379574,9
1693198487.483500,13
1693198487.587810,14
1693198487.691869,16
1693198487.796305,18
1693198487.900531,19
1693198488.004929,20
1693198488.109196,11
1693198488.214054,13
1693198488.318314,15
1693198488.422766,16
1693198488.526859,18
1693198488.630675,19
1693198488.734688,20
1693198488.837695,14
1693198488.941394,13
1693198489.046379,14
1693198489.149906,16
1693198489.253449,17
1693198489.358036,19
1693198489.463058,20
1693198489.565924,18
1693198489.668784,13
1693198489.772051,15
1693198489.876274,17
1693198489.979338,18
1693198490.083431,20
1693198490.187534,20
1693198490.291428,20
1693198490.395431,20
1693198490.499705,13
1693198490.603687,15
1693198490.707999,16
1693198490.812470,18
1693198490.917058,20
1693198491.021226,20
1693198491.125153,14
1693198491.229480,12
1693198491.333877,14
1693198491.438390,17
1693198491.542366,18
1693198491.645869,19
1693198491.749773,20
1693198491.853855,17
1693198491.957769,13
1693198492.061562,17
1693198492.164985,18
1693198492.270314,20
1693198492.374098,12
1693198492.477460,16
1693198492.579789,20
1693198492.683939,19
1693198492.786532,9
1693198492.889616,20
1693198492.992335,20
1693198493.096482,13
1693198493.200189,20
1693198493.303364,20
1693198493.406264,6
1693198493.509484,8
1693198493.612165,11
1693198493.714760,14
1693198493.818841,15
1693198493.922322,16
1693198494.025334,18
1693198494.128345,19
1693198494.230553,20
1693198494.332988,14
1693198494.436136,13
1693198494.539271,15
1693198494.642444,17
1693198494.744878,18
1693198494.849123,19
1693198494.952879,20
1693198495.056343,19
1693198495.160055,12
1693198495.265917,14
1693198495.370385,15
1693198495.473493,15
1693198495.576734,17
1693198495.680921,20
1693198495.785395,19
1693198495.892262,13
1693198495.996503,15
1693198496.100901,16
1693198496.205194,17
1693198496.309206,19
1693198496.413296,20
1693198496.517332,14
1693198496.620960,13
1693198496.723797,0
1693198496.826358,0
1693198496.929185,0
1693198497.032064,0
1693198497.135176,0
1693198497.238498,0
1693198497.340853,0
1693198497.443247,0
1693198497.545954,0
1693198497.648763,0
1693198497.752328,0
1693198497.855307,0
1693198497.958112,0
1693198498.061003,0
1693198498.164119,0
1693198498.268428,0
1693198498.372371,0
1693198498.475066,0
1693198498.579290,0
1693198498.683118,0
1693198498.786953,0
1693198498.890028,0
1693198498.993839,0
1693198499.096602,0
1693198499.200697,0
1693198499.304660,0
1693198499.408399,0
1693198499.512455,0
1693198499.615302,0
