1694955001.718083,0
1694955001.837957,18
1694955001.953101,52
1694955002.072832,82
1694955002.237912,99
1694955002.394003,99
1694955002.527487,100
1694955002.669055,98
1694955002.795154,99
1694955002.908459,100
1694955003.030739,99
1694955003.143104,100
1694955003.257218,98
1694955003.432161,99
1694955003.547937,95
1694955003.829649,95
1694955003.943988,97
1694955004.063628,93
1694955004.229988,89
1694955004.343537,100
1694955004.454979,83
1694955004.572241,79
1694955004.695046,75
1694955004.817154,71
1694955004.936512,57
1694955005.060244,68
1694955005.179249,67
1694955005.314451,44
1694955005.429356,40
1694955005.541275,47
1694955005.800425,52
1694955005.947673,61
1694955006.073615,70
1694955006.197479,51
1694955006.308948,44
1694955006.424267,51
1694955006.536732,54
1694955006.653957,62
1694955006.768260,70
1694955006.886058,73
1694955007.000672,46
1694955007.119427,46
1694955007.265372,46
1694955007.381152,46
1694955007.498255,45
1694955007.613307,47
1694955007.728917,48
1694955007.846388,48
1694955007.969621,47
1694955008.083275,50
1694955008.206984,49
1694955008.337966,50
1694955008.469308,50
1694955008.598403,50
1694955008.714541,51
1694955008.836833,52
1694955008.952477,52
1694955009.068526,53
1694955009.184755,53
1694955009.303275,53
1694955009.420371,54
1694955009.538600,54
1694955009.881769,49
1694955010.005759,55
1694955010.146441,56
1694955010.263891,65
1694955010.385021,63
1694955010.570469,72
1694955010.686384,84
1694955010.799346,92
1694955010.973724,81
1694955011.094633,67
1694955011.208729,61
1694955011.332352,66
1694955011.452431,66
1694955011.570272,70
1694955011.682913,81
1694955011.794409,83
1694955011.914811,90
1694955012.026446,77
1694955012.138649,64
1694955012.250888,62
1694955012.363083,70
1694955012.475083,72
1694955012.589291,83
1694955012.702324,85
1694955012.814210,92
1694955012.938050,91
1694955013.066633,63
1694955013.188187,63
1694955013.304878,65
1694955013.420280,67
1694955013.535523,66
1694955013.644992,67
1694955013.756026,66
1694955013.868729,66
1694955013.979527,66
1694955014.095271,66
1694955014.205921,70
1694955014.320075,68
1694955014.500571,68
1694955014.623812,68
1694955014.742719,68
1694955014.872526,68
1694955014.985307,71
1694955015.104491,70
1694955015.271472,68
1694955015.385986,70
1694955015.498198,71
1694955015.609606,71
1694955015.721462,71
1694955015.876824,70
1694955016.001253,73
1694955016.126289,73
1694955016.242407,74
1694955016.354687,82
1694955016.470575,82
1694955016.592548,86
1694955016.753949,96
1694955016.872764,97
1694955017.025973,88
1694955017.152835,91
1694955017.314300,84
1694955017.444521,87
1694955017.569274,87
1694955017.692891,78
1694955017.809016,79
1694955017.962406,87
1694955018.077609,89
1694955018.310104,89
1694955018.445950,91
1694955018.585745,97
1694955018.707578,100
1694955018.827634,94
1694955018.950978,89
1694955019.070969,99
1694955019.186468,84
1694955019.310131,61
1694955019.426819,42
1694955019.539167,49
1694955019.652412,52
1694955019.764639,62
1694955019.876202,76
1694955019.989189,74
1694955020.099660,47
1694955020.211352,45
1694955020.325032,46
1694955020.435999,46
1694955020.547253,47
1694955020.657295,47
1694955020.776932,47
1694955020.891600,46
1694955021.002571,48
1694955021.116655,48
1694955021.229412,48
1694955021.363173,48
1694955021.484145,53
1694955021.598518,50
1694955021.717024,51
1694955021.831462,52
1694955021.947382,52
1694955022.065560,53
1694955022.178716,53
1694955022.295303,55
1694955022.409545,56
1694955022.528444,54
1694955022.642196,56
1694955022.757146,56
1694955022.871488,55
1694955022.985319,56
1694955023.119481,57
1694955023.238518,59
1694955023.366639,66
1694955023.492112,68
1694955023.613671,70
1694955023.739426,80
1694955023.909737,90
1694955024.066666,90
1694955024.189595,64
1694955024.302472,61
1694955024.415399,67
1694955024.526944,65
1694955024.648284,70
1694955024.765533,81
1694955024.884457,91
1694955024.999464,92
1694955025.113714,70
1694955025.225950,66
1694955025.345114,70
1694955025.457944,71
1694955025.571201,75
1694955025.685871,87
1694955025.798167,87
1694955025.912503,93
1694955026.034657,93
1694955026.149228,66
1694955026.341672,65
1694955026.477191,68
1694955026.807457,56
1694955026.930778,68
1694955027.045415,68
1694955027.164445,68
1694955027.280136,67
1694955027.395282,67
1694955027.543244,68
1694955027.682169,69
1694955027.806489,70
1694955028.000916,62
1694955028.119728,72
1694955028.240859,70
1694955028.358930,71
1694955028.481524,70
1694955028.606304,72
1694955028.723508,73
1694955028.846265,74
1694955028.961507,74
1694955029.083257,71
1694955029.207551,75
1694955029.333122,75
1694955029.450820,81
1694955029.571620,82
1694955029.740398,86
1694955029.923750,95
1694955030.050442,97
1694955030.230197,93
1694955030.365483,91
1694955030.538562,91
1694955030.658068,94
1694955030.780507,76
1694955030.905169,79
1694955031.024994,79
1694955031.150750,89
1694955031.267282,89
1694955031.384587,98
1694955031.505380,94
1694955031.638078,98
1694955031.761231,99
1694955031.879869,93
1694955031.997953,91
1694955032.117349,83
1694955032.237950,80
1694955032.360402,52
1694955032.521189,42
1694955032.634927,43
1694955032.754803,50
1694955032.871241,54
1694955032.996991,62
1694955033.126060,76
1694955033.315265,66
1694955033.462354,41
1694955033.585708,45
1694955033.704864,45
1694955033.825585,46
1694955033.951657,47
1694955034.075255,48
1694955034.196639,49
1694955034.320624,49
1694955034.444865,50
1694955034.579163,50
1694955034.764572,42
1694955034.886904,51
1694955035.024437,52
1694955035.143267,52
1694955035.261347,53
1694955035.381758,53
1694955035.509490,54
1694955035.633759,53
1694955035.752765,53
1694955035.872325,55
1694955035.998506,55
1694955036.117758,57
1694955036.234490,56
1694955036.443951,52
1694955036.571051,58
1694955036.690359,64
1694955036.814089,63
1694955036.938378,67
1694955037.065690,81
1694955037.211285,91
1694955037.472889,81
1694955037.744929,60
1694955037.867433,61
1694955037.999233,68
1694955038.118023,68
1694955038.342216,66
1694955038.574848,76
1694955038.705311,93
1694955038.829662,93
1694955038.958488,65
1694955039.075520,65
1694955039.292633,68
1694955039.420797,72
1694955039.538806,73
1694955039.657733,85
1694955039.798840,80
1694955039.934285,93
1694955040.226609,85
1694955040.358264,67
1694955040.478143,67
1694955040.595162,65
1694955040.714222,65
1694955040.838421,66
1694955040.955428,66
1694955041.072784,68
1694955041.191258,68
1694955041.312806,69
1694955041.434833,68
1694955041.550157,69
1694955041.668784,69
1694955041.789778,70
1694955041.909329,71
1694955042.032355,70
1694955042.150292,70
1694955042.272675,70
1694955042.392522,73
1694955042.510561,72
1694955042.633157,72
1694955042.751395,73
1694955042.873776,71
1694955042.992608,73
1694955043.111445,74
1694955043.232345,75
1694955043.425696,62
1694955043.550858,76
1694955043.676088,82
1694955043.792594,81
1694955043.907713,87
1694955044.028793,97
1694955044.157983,96
1694955044.280445,93
1694955044.403719,93
1694955044.521038,89
1694955044.639210,87
1694955044.763194,58
1694955044.881132,41
1694955044.996390,46
1694955045.113901,51
1694955045.265397,63
1694955045.388534,71
1694955045.509634,48
1694955045.632360,44
1694955045.765623,50
1694955045.952246,52
1694955046.083242,68
1694955046.201440,75
1694955046.320728,70
1694955046.437505,46
1694955046.558837,45
1694955046.676828,46
1694955046.796705,47
1694955046.917874,48
1694955047.036239,47
1694955047.157988,48
1694955047.287063,48
1694955047.416175,49
1694955047.539826,51
1694955047.850169,50
1694955047.975439,50
1694955048.100885,52
1694955048.230432,51
1694955048.353095,52
1694955048.481868,52
1694955048.638010,53
1694955048.761291,53
1694955048.878079,54
1694955049.003926,55
1694955049.126694,55
1694955049.247082,55
1694955049.364686,55
1694955049.487862,57
1694955049.618438,64
1694955049.745912,66
1694955049.894204,69
1694955050.017511,77
1694955050.186415,84
1694955050.307173,88
1694955050.426738,65
1694955050.545400,63
1694955050.665858,70
1694955050.786293,70
1694955050.902760,69
1694955051.097425,79
1694955051.225455,84
1694955051.346471,91
1694955051.477460,80
1694955051.609836,64
1694955051.727232,63
1694955051.857307,69
1694955051.978877,73
1694955052.101054,83
1694955052.217762,86
1694955052.339499,93
1694955052.458176,94
1694955052.606587,66
1694955052.731690,66
1694955052.866979,63
1694955053.003361,66
1694955053.131602,67
1694955053.269125,66
1694955053.386794,67
1694955053.502221,68
1694955053.622491,67
1694955053.745454,68
1694955053.868617,69
1694955053.986543,69
1694955054.102654,69
1694955054.220995,70
1694955054.341953,71
1694955054.464740,70
1694955054.585199,72
1694955054.700368,71
1694955054.817158,71
1694955054.934629,70
1694955055.060807,72
1694955055.182782,73
1694955055.301892,73
1694955055.421529,73
1694955055.552975,72
1694955055.668908,75
1694955055.783971,76
1694955055.955519,83
1694955056.183140,80
1694955056.301222,88
1694955056.418265,85
1694955056.607440,96
1694955056.731746,100
1694955056.897425,96
1694955057.015122,95
1694955057.132428,91
1694955057.253275,91
1694955057.428767,78
1694955057.563060,78
1694955057.686230,81
1694955057.812577,80
1694955057.932377,86
1694955058.059391,88
1694955058.185028,88
1694955058.301548,99
1694955058.418241,99
1694955058.537257,93
1694955058.656955,93
1694955058.777325,69
1694955058.893800,44
1694955059.015770,42
1694955059.134378,53
1694955059.264960,52
1694955059.385933,61
1694955059.506679,76
1694955059.625849,71
1694955059.743002,46
1694955059.860197,44
1694955059.975316,44
1694955060.091157,45
1694955060.210461,46
1694955060.326154,47
1694955060.449335,47
1694955060.605283,46
1694955060.754050,48
1694955060.976423,43
1694955061.095777,49
1694955061.211029,49
1694955061.324834,50
1694955061.451215,50
1694955061.570885,51
1694955061.687354,52
1694955061.804744,52
1694955061.921844,51
1694955062.047840,53
1694955062.169683,54
1694955062.288750,55
1694955062.410134,57
1694955062.528871,55
1694955062.647105,57
