1694954281.870264,0
1694954281.982711,0
1694954282.111119,1
1694954282.235770,0
1694954282.434549,0
1694954282.565545,0
1694954282.677099,1
1694954282.792387,0
1694954282.911395,1
1694954283.024229,0
1694954283.137566,1
1694954283.248176,0
1694954283.356276,0
1694954283.498115,0
1694954283.610306,0
1694954283.725858,0
1694954283.834336,0
1694954283.949604,0
1694954284.087889,1
1694954284.201008,2
1694954284.319822,1
1694954284.436480,2
1694954284.561899,0
1694954284.683205,0
1694954284.800928,1
1694954284.917135,0
1694954285.032428,1
1694954285.160246,1
1694954285.277004,0
1694954285.389672,0
1694954285.561800,1
1694954285.674606,1
1694954285.786530,0
1694954285.898644,1
1694954286.010652,0
1694954286.141135,1
1694954286.258062,0
1694954286.380709,1
1694954286.501389,1
1694954286.621647,0
1694954286.753985,1
1694954286.876943,0
1694954286.986491,0
1694954287.111145,0
1694954287.264390,0
1694954287.382427,1
1694954287.494940,1
1694954287.615111,1
1694954287.738447,1
1694954287.855226,0
1694954287.970815,1
1694954288.094645,0
1694954288.220280,0
1694954288.337242,1
1694954288.569691,0
1694954288.680085,0
1694954288.832807,0
1694954288.954504,1
1694954289.088230,0
1694954289.219708,0
1694954289.349827,2
1694954289.466740,0
1694954289.589793,0
1694954289.714075,0
1694954289.841806,1
1694954289.959727,1
1694954290.082389,1
1694954290.209523,1
1694954290.322975,0
1694954290.438030,1
1694954290.562930,0
1694954290.679568,1
1694954290.795171,0
1694954290.918505,0
1694954291.038745,0
1694954291.165656,1
1694954291.294840,0
1694954291.413860,0
1694954291.534566,1
1694954291.652798,0
1694954291.771100,0
1694954291.901744,1
1694954292.062766,0
1694954292.178048,0
1694954292.293385,1
1694954292.407490,1
1694954292.529247,0
1694954292.657127,2
1694954292.778260,1
1694954292.929732,0
1694954293.053170,1
1694954293.173367,0
1694954293.323221,1
1694954293.447645,0
1694954293.574463,0
1694954293.696558,0
1694954293.822313,0
1694954293.950229,0
1694954294.281121,0
1694954294.427401,1
1694954294.550666,0
1694954294.738980,1
1694954294.921311,0
1694954295.046023,1
1694954295.264312,0
1694954295.467530,0
1694954295.593749,3
1694954295.717004,0
1694954295.845554,1
1694954295.986852,2
1694954296.111209,1
1694954296.240079,1
1694954296.363559,1
1694954296.498307,1
1694954296.618348,1
1694954296.736470,0
1694954296.850573,0
1694954296.966254,0
1694954297.077962,1
1694954297.196886,1
1694954297.330909,2
1694954297.482443,1
1694954297.615150,1
1694954297.734225,0
1694954297.886953,0
1694954298.081092,0
1694954298.197522,0
1694954298.307304,0
1694954298.424050,1
1694954298.540831,0
1694954298.658212,1
1694954298.772671,0
1694954298.890137,1
1694954299.005001,1
1694954299.167656,0
1694954299.284297,0
1694954299.429491,0
1694954299.542665,0
1694954299.702938,2
1694954299.812373,0
1694954299.927009,0
1694954300.056300,0
1694954300.178711,1
1694954300.315990,8
1694954300.434960,3
1694954300.569389,1
1694954300.714691,2
1694954300.852936,1
1694954300.974002,0
1694954301.090698,1
1694954301.207927,1
1694954301.340322,1
1694954301.474063,1
1694954301.592233,1
1694954301.725837,2
1694954301.850740,1
1694954301.982854,0
1694954302.142147,1
1694954302.263667,1
1694954302.402659,1
1694954302.521825,0
1694954302.640526,0
1694954302.764389,1
1694954302.881025,0
1694954302.998101,0
1694954303.137371,1
1694954303.317701,0
1694954303.457681,0
1694954303.687373,1
1694954303.805581,0
1694954303.918206,0
1694954304.107781,0
1694954304.320520,1
1694954304.434661,1
1694954304.573259,1
1694954304.687057,0
1694954304.802662,1
1694954304.920340,1
1694954305.078085,2
1694954305.203125,1
1694954305.334875,0
1694954305.464185,0
1694954305.591111,0
1694954305.713664,0
1694954305.833583,0
1694954305.968539,2
1694954306.084396,0
1694954306.196740,1
1694954306.316568,1
1694954306.430735,1
1694954306.579950,0
1694954306.698484,1
1694954306.814938,0
1694954306.932636,7
1694954307.052711,0
1694954307.177864,0
1694954307.289015,0
1694954307.413085,1
1694954307.529087,0
1694954307.671904,1
1694954307.790063,0
1694954307.911310,0
1694954308.028864,3
1694954308.146175,0
1694954308.260659,5
1694954308.384956,0
1694954308.550205,1
1694954308.673689,0
1694954308.785717,0
1694954308.909390,0
1694954309.025320,1
1694954309.148795,0
1694954309.263959,0
1694954309.446134,0
1694954309.584604,0
1694954309.739708,0
1694954309.866535,0
1694954309.983237,0
1694954310.120779,0
1694954310.242359,1
1694954310.377058,0
1694954310.493916,0
1694954310.610780,0
1694954310.740634,1
1694954310.860274,0
1694954310.979027,1
1694954311.117912,1
1694954311.264189,0
1694954311.380619,1
1694954311.495069,0
1694954311.609923,0
1694954311.724798,0
1694954311.850822,0
1694954311.967645,0
1694954312.102648,0
1694954312.219629,0
1694954312.340327,0
1694954312.467361,0
1694954312.587765,0
1694954312.711464,0
1694954312.835047,1
1694954313.017376,1
1694954313.162810,1
1694954313.288169,0
1694954313.417994,1
1694954313.535009,0
1694954313.651493,1
1694954313.823102,0
1694954313.963200,1
1694954314.086059,0
1694954314.205917,0
1694954314.326806,1
1694954314.459535,1
1694954314.573243,0
1694954314.712374,0
1694954314.827550,0
1694954314.944292,0
1694954315.071911,1
1694954315.202311,0
1694954315.316132,1
1694954315.441296,1
1694954315.608863,1
1694954315.739858,1
1694954315.857527,0
1694954315.994133,1
1694954316.134245,1
1694954316.246435,1
1694954316.361047,0
1694954316.505966,0
1694954316.626816,0
1694954316.775486,0
1694954316.931326,3
1694954317.045130,0
1694954317.164631,0
1694954317.278917,0
1694954317.387636,0
1694954317.499415,1
1694954317.618000,0
1694954317.755093,1
1694954317.886001,0
1694954318.010998,2
1694954318.138728,1
1694954318.271179,1
1694954318.401065,1
1694954318.522108,1
1694954318.651340,0
1694954318.806272,0
1694954318.923336,1
1694954319.066550,2
1694954319.192605,0
1694954319.319030,0
1694954319.475080,0
1694954319.630982,1
1694954319.758518,0
1694954319.894094,1
1694954320.033305,0
1694954320.195598,1
1694954320.358054,1
1694954320.484904,0
1694954320.652283,0
1694954320.766781,0
1694954320.883622,0
1694954321.171973,0
1694954321.422031,1
1694954321.550208,0
1694954321.666377,0
1694954321.782029,0
1694954321.922742,0
1694954322.036178,1
1694954322.148643,0
1694954322.260490,0
1694954322.370847,0
1694954322.481786,0
1694954322.592968,1
1694954322.784398,1
1694954322.942515,1
1694954323.059044,1
1694954323.205571,0
1694954323.338332,1
1694954323.454206,0
1694954323.587656,7
1694954323.696686,0
1694954323.833155,0
1694954323.976499,0
1694954324.092338,0
1694954324.208889,1
1694954324.329356,0
1694954324.472911,6
1694954324.589005,1
1694954324.708998,0
1694954324.817719,0
1694954324.934318,0
1694954325.050149,1
1694954325.161320,0
1694954325.354135,0
1694954325.628586,1
1694954325.739105,0
1694954325.848211,1
1694954325.982778,1
1694954326.102158,0
1694954326.213638,1
1694954326.332067,1
1694954326.462757,1
1694954326.580323,1
1694954326.696652,0
1694954326.825755,0
1694954326.943571,0
1694954327.061418,0
1694954327.178349,0
1694954327.291731,0
1694954327.422846,1
1694954327.614863,1
1694954327.736997,2
1694954327.853630,0
1694954327.976979,1
1694954328.093954,0
1694954328.215967,1
1694954328.344803,0
1694954328.465029,0
1694954328.587151,1
1694954328.703203,1
1694954328.938919,1
1694954329.053646,1
1694954329.174445,0
1694954329.314933,0
1694954329.430707,0
1694954329.545946,0
1694954329.656003,0
1694954329.770837,0
1694954329.900814,1
1694954330.015203,1
1694954330.128046,0
1694954330.244882,0
1694954330.382336,1
1694954330.502794,0
1694954330.619208,0
1694954330.731541,0
1694954330.854394,0
1694954330.968542,0
1694954331.088220,0
1694954331.204233,1
1694954331.342029,1
1694954331.461006,1
1694954331.577275,0
1694954331.693411,1
1694954331.817160,1
1694954331.934035,0
1694954332.050555,0
1694954332.166039,0
1694954332.288368,1
1694954332.414287,0
1694954332.528962,0
1694954332.704241,1
1694954332.815393,0
1694954332.928668,2
1694954333.041800,3
1694954333.167723,1
1694954333.282569,1
1694954333.395094,0
1694954333.513642,1
1694954333.649133,0
1694954333.789201,1
1694954333.910720,1
1694954334.033622,1
1694954334.154871,1
1694954334.278444,0
1694954334.430347,0
1694954334.554341,0
1694954334.682115,1
1694954334.811380,1
1694954334.933792,0
1694954335.060406,1
1694954335.209555,0
1694954335.326981,0
1694954335.450143,0
1694954335.565696,1
1694954335.682779,0
1694954335.801329,1
1694954335.929224,0
1694954336.048170,1
1694954336.194863,1
1694954336.314094,0
1694954336.443911,1
1694954336.563267,0
1694954336.689857,0
1694954336.799392,0
1694954336.914376,0
1694954337.026705,0
1694954337.160345,0
1694954337.272519,0
1694954337.381381,0
1694954337.490943,1
1694954337.600356,1
1694954337.711323,0
1694954337.821119,0
1694954337.931097,0
1694954338.042374,1
1694954338.155073,1
1694954338.264615,0
1694954338.377990,0
1694954338.503845,0
1694954338.623965,1
1694954338.746765,1
1694954338.858472,1
1694954338.994046,0
1694954339.149666,0
1694954339.265686,1
1694954339.385978,0
1694954339.498078,0
1694954339.626972,1
1694954339.753816,0
1694954339.869893,1
1694954340.009562,1
1694954340.131407,2
1694954340.242786,1
1694954340.354790,0
1694954340.464910,0
1694954340.580782,0
1694954340.689841,1
1694954340.816838,0
1694954340.947267,2
1694954341.074673,0
1694954341.194364,0
1694954341.316636,0
1694954341.470553,0
1694954341.587420,0
1694954341.701493,1
1694954341.857380,1
1694954341.973596,0
1694954342.098352,0
1694954342.221331,0
1694954342.365731,0
1694954342.507084,1
1694954342.633649,2
1694954342.763557,0
1694954342.925817,1
1694954343.074312,1
1694954343.202416,0
1694954343.357213,1
1694954343.475530,0
1694954343.730792,1
1694954343.858835,0
1694954343.992780,1
1694954344.114061,0
1694954344.237840,0
1694954344.386564,0
1694954344.534731,0
1694954344.659406,0
1694954344.801896,0
1694954344.948637,0
1694954345.078281,0
1694954345.204376,0
1694954345.358402,0
1694954345.490245,0
1694954345.626587,0
1694954345.762152,0
1694954345.901636,0
