1693198275.626573,0
1693198275.777305,16
1693198275.968623,53
1693198276.108495,99
1693198276.233441,100
1693198276.356173,100
1693198276.475319,100
1693198276.602945,100
1693198276.741525,99
1693198276.893430,75
1693198277.031463,47
1693198277.179467,83
1693198277.339510,91
1693198277.484938,78
1693198277.635765,71
1693198277.775563,50
1693198277.936156,74
1693198278.056233,86
1693198278.204493,98
1693198278.330996,93
1693198278.456516,66
1693198278.580788,67
1693198278.711093,66
1693198278.833800,62
1693198278.957545,67
1693198279.090409,67
1693198279.223279,64
1693198279.346359,68
1693198279.475219,67
1693198279.595494,70
1693198279.724840,71
1693198279.861716,73
1693198279.984812,76
1693198280.112196,79
1693198280.242911,89
1693198280.396356,99
1693198280.524315,95
1693198280.669722,79
1693198280.798396,82
1693198280.932363,75
1693198281.055949,74
1693198281.182348,72
1693198281.330777,69
1693198281.463805,73
1693198281.595181,75
1693198281.721822,73
1693198281.859202,76
1693198281.986467,75
1693198282.109822,75
1693198282.230308,76
1693198282.365586,77
1693198282.494319,77
1693198282.635706,76
1693198282.772047,78
1693198282.902582,77
1693198283.023307,79
1693198283.146880,79
1693198283.272516,77
1693198283.406395,78
1693198283.528832,80
1693198283.654703,78
1693198283.776904,80
1693198283.911023,81
1693198284.034216,81
1693198284.163030,79
1693198284.291235,81
1693198284.423522,82
1693198284.546163,82
1693198284.671349,82
1693198284.793825,82
1693198284.917920,84
1693198285.043605,83
1693198285.176920,82
1693198285.299609,85
1693198285.432284,82
1693198285.560251,83
1693198285.684750,86
1693198285.805846,86
1693198285.928585,85
1693198286.062627,83
1693198286.185866,88
1693198286.326135,89
1693198286.449955,93
1693198286.572105,98
1693198286.700023,98
1693198286.832514,98
1693198286.968664,100
1693198287.088219,98
1693198287.214971,100
1693198287.355827,94
1693198287.501197,76
1693198287.644823,24
1693198287.789320,29
1693198287.930733,64
1693198288.058269,80
1693198288.186614,26
1693198288.310700,33
1693198288.464206,59
1693198288.608948,80
1693198288.747179,28
1693198288.867534,30
1693198288.990306,31
1693198289.117580,30
1693198289.244011,31
1693198289.383536,33
1693198289.508650,32
1693198289.634297,34
1693198289.775427,34
1693198289.919999,35
1693198290.058281,38
1693198290.185248,37
1693198290.308848,37
1693198290.434861,40
1693198290.565738,37
1693198290.689752,40
1693198290.812107,42
1693198290.946910,40
1693198291.082392,42
1693198291.202992,43
1693198291.325497,44
1693198291.457213,45
1693198291.581996,45
1693198291.706066,44
1693198291.833577,47
1693198291.956399,47
1693198292.075885,48
1693198292.207674,48
1693198292.337065,47
1693198292.467369,49
1693198292.589934,51
1693198292.718482,49
1693198292.853741,50
1693198292.976614,51
1693198293.103802,52
1693198293.229791,50
1693198293.366263,52
1693198293.501552,51
1693198293.623123,55
1693198293.781601,54
1693198293.907481,56
1693198294.032764,67
1693198294.153820,63
1693198294.287764,77
1693198294.431528,90
1693198294.570942,88
1693198294.707133,58
1693198294.846723,58
1693198294.968659,69
1693198295.098535,77
1693198295.233745,98
1693198295.376366,89
1693198295.498285,90
1693198295.635754,59
1693198295.771046,32
1693198295.926244,58
1693198296.060707,89
1693198296.199281,33
1693198296.322617,16
1693198296.449928,17
1693198296.572592,21
1693198296.698163,22
1693198296.823540,23
1693198296.958084,24
1693198297.078879,24
1693198297.200767,27
1693198297.324532,28
1693198297.450772,27
1693198297.573138,30
1693198297.692913,31
1693198297.821685,31
1693198297.943243,31
1693198298.079650,33
1693198298.201781,32
1693198298.326119,35
1693198298.452329,34
1693198298.583983,35
1693198298.705095,37
1693198298.827125,36
1693198298.949608,38
1693198299.072488,39
1693198299.201948,40
1693198299.329795,40
1693198299.460000,40
1693198299.600437,40
1693198299.725967,41
1693198299.853110,43
1693198299.977728,44
1693198300.099987,44
1693198300.224815,43
1693198300.350249,45
1693198300.489674,45
1693198300.615312,46
1693198300.749758,43
1693198300.875611,48
1693198300.996308,47
1693198301.119377,49
1693198301.259139,48
1693198301.384011,51
1693198301.506653,58
1693198301.653156,62
1693198301.783708,72
1693198301.908455,82
1693198302.031741,60
1693198302.155420,51
1693198302.292134,59
1693198302.417499,64
1693198302.541819,74
1693198302.682840,85
1693198302.820050,82
1693198302.958435,49
1693198303.085957,55
1693198303.214479,63
1693198303.330911,69
1693198303.457895,75
1693198303.594849,91
1693198303.716853,91
1693198303.842529,59
1693198303.976253,57
1693198304.107498,60
1693198304.234068,60
1693198304.366917,60
1693198304.486359,60
1693198304.616079,61
1693198304.735584,62
1693198304.871824,59
1693198305.000842,60
1693198305.122444,64
1693198305.259264,62
1693198305.384042,64
1693198305.509094,63
1693198305.634615,64
1693198305.759348,63
1693198305.883360,64
1693198306.013149,63
1693198306.136327,67
1693198306.261321,65
1693198306.396457,65
1693198306.522545,67
1693198306.649854,68
1693198306.778101,67
1693198306.900879,68
1693198307.020085,69
1693198307.145850,69
1693198307.269777,68
1693198307.400539,70
1693198307.540899,70
1693198307.679740,71
1693198307.800664,71
1693198307.927293,69
1693198308.048029,73
1693198308.172609,72
1693198308.299208,73
1693198308.408152,74
1693198308.521380,75
1693198308.630398,73
1693198308.746175,74
1693198308.865458,73
1693198308.971715,75
1693198309.083563,86
1693198309.189784,86
1693198309.298309,97
1693198309.419642,97
1693198309.534862,97
1693198309.644900,94
1693198309.752589,92
1693198309.863913,100
1693198309.969185,97
1693198310.094847,77
1693198310.213223,77
1693198310.328632,59
1693198310.441187,60
1693198310.549454,81
1693198310.662489,84
1693198310.776004,59
1693198310.890537,44
1693198311.000224,55
1693198311.106152,64
1693198311.221419,85
1693198311.328338,88
1693198311.439729,78
1693198311.555598,50
1693198311.663887,53
1693198311.769207,45
1693198311.884623,47
1693198311.991122,48
1693198312.098486,48
1693198312.207159,47
1693198312.319419,50
1693198312.428148,49
1693198312.534668,50
1693198312.648976,49
1693198312.759504,50
1693198312.870408,50
1693198312.984130,51
1693198313.097664,52
1693198313.212047,52
1693198313.318044,52
1693198313.424770,51
1693198313.534423,55
1693198313.645107,55
1693198313.758557,55
1693198313.867232,54
1693198313.973135,56
1693198314.090796,56
1693198314.203073,57
1693198314.320322,56
1693198314.441877,57
1693198314.557050,59
1693198314.670004,59
1693198314.776955,57
1693198314.892075,59
1693198315.002906,60
1693198315.112678,60
1693198315.221274,60
1693198315.327164,60
1693198315.442113,61
1693198315.551098,62
1693198315.675831,63
1693198315.783396,63
1693198315.918243,60
1693198316.037793,62
1693198316.155728,64
1693198316.264885,64
1693198316.373249,64
1693198316.481699,65
1693198316.591649,65
1693198316.701602,66
1693198316.808645,68
1693198316.917325,77
1693198317.039046,77
1693198317.159580,87
1693198317.268332,99
1693198317.383739,100
1693198317.514902,92
1693198317.620871,87
1693198317.735853,59
1693198317.862272,34
1693198317.969944,35
1693198318.078716,36
1693198318.189640,37
1693198318.297338,39
1693198318.419503,37
1693198318.544429,50
1693198318.670984,59
1693198318.790774,80
1693198318.897825,88
1693198319.014689,64
1693198319.123187,47
1693198319.248500,41
1693198319.364116,37
1693198319.469344,54
1693198319.584766,62
1693198319.693900,85
1693198319.807524,94
1693198319.915040,64
1693198320.022341,51
1693198320.135128,25
1693198320.270740,24
1693198320.386578,25
1693198320.493157,26
1693198320.604793,28
1693198320.718206,24
1693198320.823094,28
1693198320.931908,31
1693198321.038533,31
1693198321.148046,31
1693198321.253955,33
1693198321.363534,34
1693198321.470497,32
1693198321.581945,35
1693198321.692529,35
1693198321.804789,36
1693198321.915749,34
1693198322.025818,36
1693198322.140973,37
1693198322.250036,39
1693198322.363364,40
1693198322.482816,40
1693198322.604678,41
1693198322.735903,40
1693198322.847321,42
1693198322.963527,42
1693198323.079152,42
1693198323.186090,43
1693198323.294581,44
1693198323.403563,43
1693198323.514688,45
1693198323.628222,46
1693198323.735688,47
1693198323.844646,47
1693198323.953006,46
1693198324.058258,48
1693198324.164625,48
1693198324.272159,48
1693198324.383288,48
1693198324.495697,51
1693198324.601133,48
1693198324.713971,51
1693198324.825805,51
1693198324.935727,51
1693198325.050748,50
1693198325.163798,55
1693198325.271467,65
1693198325.380480,74
1693198325.485050,74
1693198325.596959,94
1693198325.719918,85
1693198325.830195,79
1693198325.944870,60
1693198326.068464,61
1693198326.190351,64
1693198326.317434,66
1693198326.430274,78
1693198326.536063,87
1693198326.645104,87
1693198326.757023,57
1693198326.867445,61
1693198326.975209,70
1693198327.091818,79
1693198327.244806,100
1693198327.366133,100
1693198327.478026,88
1693198327.585087,77
1693198327.693721,59
1693198327.805623,30
1693198327.918198,31
1693198328.037126,33
1693198328.148703,35
1693198328.259942,33
1693198328.372404,35
1693198328.485215,36
1693198328.592037,36
1693198328.705574,38
1693198328.820256,37
1693198328.930838,39
1693198329.050973,38
1693198329.174575,39
1693198329.295746,40
1693198329.416614,41
1693198329.541799,41
1693198329.652746,42
1693198329.764737,42
1693198329.879339,43
1693198329.988972,45
1693198330.103323,45
1693198330.217702,45
1693198330.338278,46
1693198330.459388,43
1693198330.576129,45
1693198330.681850,47
1693198330.802403,47
1693198330.914674,49
1693198331.028710,48
1693198331.141504,49
1693198331.254531,49
1693198331.360973,48
1693198331.467178,50
1693198331.581365,51
1693198331.694596,52
1693198331.812298,53
1693198331.918473,52
1693198332.029365,53
1693198332.141178,55
1693198332.250254,55
1693198332.357673,53
1693198332.474770,54
1693198332.582939,55
1693198332.696135,57
1693198332.802364,58
1693198332.925229,57
1693198333.055426,57
1693198333.200685,56
1693198333.311031,61
1693198333.423890,68
1693198333.547189,70
1693198333.653321,69
1693198333.767180,80
1693198333.878499,90
1693198333.991493,90
1693198334.111230,61
1693198334.223197,64
1693198334.332424,75
1693198334.447640,83
1693198334.576213,82
1693198334.683300,100
1693198334.789795,89
1693198334.900287,89
1693198335.008733,61
1693198335.123243,32
1693198335.235694,43
1693198335.365713,74
1693198335.473137,98
1693198335.580469,82
1693198335.690185,36
1693198335.799512,36
1693198335.911967,37
1693198336.024337,36
1693198336.156567,37
1693198336.276021,39
1693198336.388411,38
1693198336.496007,39
1693198336.602518,40
1693198336.709071,41
1693198336.818841,41
1693198336.925614,42
1693198337.030985,43
1693198337.140606,42
1693198337.252498,44
1693198337.370819,43
1693198337.490442,46
1693198337.598765,46
1693198337.704564,46
1693198337.818808,45
1693198337.932029,47
1693198338.046356,49
1693198338.159148,49
1693198338.274063,47
1693198338.385830,33
1693198338.495431,0
1693198338.606788,0
1693198338.718619,0
1693198338.829868,0
1693198338.940109,0
1693198339.051421,0
1693198339.162221,0
1693198339.271240,0
1693198339.381420,0
1693198339.491573,0
1693198339.600578,0
1693198339.710111,0
1693198339.820489,0
1693198339.927720,0
1693198340.032701,0
1693198340.142055,0
1693198340.251529,0
1693198340.362055,0
1693198340.471006,0
1693198340.581338,0
1693198340.689759,0
1693198340.799791,0
1693198340.907962,0
1693198341.017921,0
1693198341.127793,0