1694965625.970684,0
1694965626.096222,8
1694965626.222435,20
1694965626.347140,14
1694965626.476065,18
1694965626.651235,5
1694965626.774172,7
1694965626.888666,8
1694965627.032911,13
1694965627.153444,15
1694965627.278346,18
1694965627.398728,19
1694965627.524649,5
1694965627.654765,12
1694965627.787746,18
1694965627.910435,5
1694965628.023435,15
1694965628.141586,14
1694965628.254220,4
1694965628.369740,8
1694965628.488889,8
1694965628.617231,11
1694965628.736869,12
1694965628.859966,12
1694965628.976302,15
1694965629.092320,14
1694965629.219761,18
1694965629.333747,18
1694965629.449627,19
1694965629.589289,18
1694965629.725060,9
1694965629.839441,13
1694965629.952980,11
1694965630.149655,14
1694965630.271714,16
1694965630.391583,18
1694965630.508114,17
1694965630.622338,18
1694965630.740642,17
1694965630.856678,12
1694965630.972657,11
1694965631.087802,13
1694965631.202758,13
1694965631.317568,14
1694965631.436132,15
1694965631.554373,18
1694965631.667023,18
1694965631.786625,20
1694965631.908145,4
1694965632.027949,6
1694965632.149167,9
1694965632.264688,11
1694965632.389382,13
1694965632.505496,14
1694965632.619686,16
1694965632.735341,16
1694965632.848211,18
1694965632.963013,17
1694965633.075026,19
1694965633.189347,8
1694965633.322248,15
1694965633.437845,12
1694965633.563273,12
1694965633.688080,6
1694965633.813028,17
1694965633.927979,17
1694965634.058020,5
1694965634.178081,20
1694965634.290871,19
1694965634.408588,3
1694965634.524885,6
1694965634.652455,8
1694965634.765507,11
1694965634.878854,11
1694965634.996115,14
1694965635.111682,15
1694965635.229642,16
1694965635.342628,16
1694965635.548746,15
1694965635.664076,19
1694965635.789050,9
1694965635.901417,11
1694965636.018155,13
1694965636.135611,14
1694965636.261451,16
1694965636.381721,15
1694965636.523138,14
1694965636.640900,16
1694965636.757194,17
1694965636.877787,18
1694965637.049519,18
1694965637.169766,19
1694965637.290885,18
1694965637.410241,10
1694965637.526496,11
1694965637.663075,12
1694965637.774694,12
1694965637.890344,15
1694965638.006318,16
1694965638.121935,18
1694965638.238210,17
1694965638.356904,17
1694965638.470596,20
1694965638.585859,18
1694965638.707459,11
1694965638.823258,12
1694965639.023710,13
1694965639.141996,12
1694965639.257703,15
1694965639.376430,16
1694965639.495989,18
1694965639.613021,18
1694965639.736731,20
1694965639.855392,9
1694965639.982415,16
1694965640.105397,18
1694965640.224694,15
1694965640.349418,9
1694965640.466011,13
1694965640.591751,13
1694965640.713884,13
1694965640.833317,3
1694965640.956056,20
1694965641.076048,16
1694965641.189123,2
1694965641.303818,2
1694965641.420899,7
1694965641.535442,9
1694965641.673684,9
1694965641.788845,12
1694965641.949994,12
1694965642.070014,13
1694965642.186990,13
1694965642.315479,16
1694965642.440790,16
1694965642.578952,20
1694965642.702681,19
1694965642.817868,19
1694965642.934167,6
1694965643.056060,7
1694965643.176710,7
1694965643.291877,11
1694965643.418025,11
1694965643.548354,12
1694965643.669346,13
1694965643.835401,15
1694965643.957713,17
1694965644.077532,15
1694965644.193461,18
1694965644.371947,18
1694965644.514442,19
1694965644.629886,19
1694965644.749353,11
1694965644.870847,12
1694965644.996903,13
1694965645.113972,14
1694965645.228801,14
1694965645.341696,15
1694965645.461148,16
1694965645.578897,17
1694965645.695661,19
1694965645.811470,19
1694965645.957546,17
1694965646.073177,10
1694965646.282419,12
1694965646.398377,19
1694965646.519342,19
1694965646.640019,14
1694965646.758033,5
1694965646.879714,20
1694965646.998934,17
1694965647.122404,16
1694965647.242085,20
1694965647.388699,13
1694965647.502902,8
1694965647.617564,4
1694965647.745046,4
1694965648.094101,6
1694965648.209368,9
1694965648.326706,10
1694965648.447992,11
1694965648.566104,13
1694965648.688508,12
1694965648.809420,14
1694965648.924196,18
1694965649.084553,18
1694965649.198744,19
1694965649.318208,17
1694965649.432007,10
1694965649.552234,10
1694965649.680128,14
1694965649.802544,14
1694965649.925980,14
1694965650.048226,17
1694965650.165582,17
1694965650.286115,18
1694965650.413591,10
1694965650.535900,11
1694965650.655808,11
1694965650.773645,14
1694965650.897151,15
1694965651.013806,17
1694965651.129631,18
1694965651.242976,18
1694965651.505206,19
1694965651.620954,18
1694965651.739711,9
1694965651.855426,13
1694965651.972921,12
1694965652.093222,13
1694965652.209263,15
1694965652.327389,16
1694965652.449950,17
1694965652.580654,16
1694965652.698557,20
1694965652.829218,18
1694965652.949434,10
1694965653.072864,17
1694965653.192353,15
1694965653.314236,17
1694965653.428771,19
1694965653.552612,13
1694965653.674385,11
1694965653.799876,11
1694965653.928081,18
1694965654.045725,12
1694965654.167784,2
1694965654.286505,6
1694965654.402571,9
1694965654.528194,9
1694965654.682114,13
1694965654.802409,12
1694965654.918888,14
1694965655.038152,15
1694965655.157152,17
1694965655.278112,17
1694965655.397887,19
1694965655.524082,19
1694965655.661681,8
1694965655.779701,8
1694965655.898771,10
1694965656.018647,16
1694965656.145506,16
1694965656.261998,13
1694965656.380194,17
1694965656.504785,17
1694965656.628519,20
1694965656.746307,19
1694965656.865228,8
1694965656.983337,10
1694965657.133933,13
1694965657.248018,15
1694965657.361969,13
1694965657.476543,15
1694965657.610845,16
1694965657.726082,17
1694965657.842493,18
1694965658.299753,16
1694965658.416935,18
1694965658.535195,9
1694965658.646560,10
1694965658.789839,12
1694965658.906092,11
1694965659.016926,15
1694965659.138285,15
1694965659.255913,18
1694965659.371658,11
1694965659.491510,13
1694965659.661881,16
1694965659.788905,5
1694965659.938292,19
1694965660.058699,14
1694965660.173192,17
1694965660.293988,14
1694965660.409782,9
1694965660.529745,19
1694965660.654796,5
1694965660.775824,20
1694965660.897773,9
1694965661.013244,8
1694965661.136029,10
1694965661.256723,10
1694965661.367319,13
1694965661.480023,16
1694965661.590651,15
1694965661.706581,17
1694965661.823785,19
1694965661.941891,17
1694965662.056352,9
1694965662.167913,11
1694965662.284535,12
1694965662.396367,14
1694965662.514374,16
1694965662.633109,15
1694965662.752451,16
1694965662.868275,17
1694965662.980928,17
1694965663.098583,19
1694965663.219590,10
1694965663.337665,12
1694965663.456349,14
1694965663.569574,15
1694965663.690142,16
1694965663.806485,17
1694965663.920092,18
1694965664.043843,20
1694965664.161162,17
1694965664.277314,5
1694965664.399250,5
1694965664.516276,8
1694965664.633301,10
1694965664.752720,10
1694965664.869272,12
1694965664.986679,14
1694965665.103411,15
1694965665.223556,15
1694965665.344110,19
1694965665.458227,18
1694965665.571591,18
1694965665.705280,8
1694965665.821158,10
1694965665.944563,13
1694965666.068448,20
1694965666.183483,12
1694965666.313726,13
1694965666.450903,16
1694965666.567516,15
1694965666.687735,13
1694965666.813571,15
1694965666.930608,14
1694965667.053737,5
1694965667.172074,16
1694965667.287729,17
1694965667.411497,9
1694965667.530024,3
1694965667.648128,5
1694965667.774340,5
1694965667.893855,9
1694965668.010218,12
1694965668.128076,12
1694965668.244065,13
1694965668.364372,14
1694965668.477512,17
1694965668.592705,18
1694965668.707021,18
1694965668.824965,19
1694965668.938612,19
1694965669.052885,8
1694965669.172695,10
1694965669.287898,13
1694965669.402040,13
1694965669.516274,14
1694965669.638385,17
1694965669.839306,15
1694965669.952623,19
1694965670.066498,19
1694965670.179030,12
1694965670.300895,10
1694965670.447884,10
1694965670.562663,14
1694965670.679827,15
1694965670.802722,16
1694965671.056588,14
1694965671.176526,14
1694965671.296957,19
1694965671.426304,17
1694965671.560073,12
1694965671.690999,12
1694965671.824799,11
1694965671.949125,12
1694965672.068165,15
1694965672.187870,15
1694965672.306989,17
1694965672.423206,18
1694965672.538479,18
1694965672.662255,19
1694965672.792720,9
1694965672.916224,14
1694965673.033038,15
1694965673.156892,6
1694965673.272204,14
1694965673.387322,18
1694965673.509364,19
1694965673.634200,6
1694965673.761673,19
1694965673.878694,15
1694965674.001135,10
1694965674.119398,6
1694965674.251505,11
1694965674.368864,12
1694965674.498298,12
1694965674.656837,10
1694965674.774269,14
1694965674.944998,14
1694965675.064746,16
1694965675.190493,15
1694965675.304431,17
1694965675.531695,18
1694965675.649324,19
1694965675.768374,19
1694965675.892571,9
1694965676.017797,12
1694965676.143710,13
1694965676.292331,12
1694965676.410936,15
1694965676.543738,15
1694965676.659295,17
1694965676.783057,19
1694965676.901795,14
1694965677.050292,9
1694965677.166692,13
1694965677.284161,14
1694965677.401554,12
1694965677.521087,14
1694965677.637963,16
1694965677.759716,16
1694965677.880135,16
1694965677.999220,9
1694965678.114971,10
1694965678.231326,13
1694965678.359253,13
1694965678.477556,16
1694965678.594540,18
1694965678.711010,18
1694965678.903670,20
1694965679.030712,18
1694965679.203025,18
1694965679.319341,20
1694965679.432887,10
1694965679.550666,15
1694965679.674611,14
1694965679.790429,7
1694965679.907863,16
1694965680.025715,16
1694965680.168342,9
1694965680.294577,18
1694965680.431291,17
1694965680.549867,19
1694965680.673691,13
1694965680.797659,2
1694965680.919975,4
1694965681.042024,4
1694965681.171929,9
1694965681.291791,11
1694965681.416709,12
1694965681.534243,12
1694965681.650021,15
1694965681.765065,16
1694965681.881172,19
1694965681.997698,18
1694965682.120722,18
1694965682.257719,18
1694965682.390711,9
1694965682.515903,9
1694965682.632175,10
1694965682.765323,12
1694965682.897066,11
1694965683.014695,15
1694965683.156012,18
1694965683.268188,19
1694965683.379054,18
1694965683.490182,20
1694965683.601143,19
1694965683.714119,10
1694965683.836465,12
1694965683.949319,14
1694965684.061830,16
1694965684.173552,18
1694965684.290931,18
1694965684.402007,19
1694965684.513510,20
1694965684.625810,9
1694965684.737608,11
1694965684.852805,13
1694965684.965217,15
1694965685.081190,17
1694965685.197473,18
1694965685.309334,19
1694965685.422229,19
1694965685.537073,9
1694965685.651967,11
1694965685.772729,11
1694965685.896040,20
1694965686.012779,9
1694965686.129224,13
1694965686.252412,15
1694965686.370519,5
1694965686.504841,19
1694965686.622622,14
1694965686.734102,11
1694965686.865734,20
1694965686.982805,14
1694965687.098484,6
1694965687.225964,7
1694965687.352072,9
1694965687.464244,11
1694965687.580479,1
1694965687.693311,0
1694965687.809281,0
1694965687.922101,0
1694965688.033765,0
1694965688.145034,0
1694965688.258012,0
1694965688.379201,0
1694965688.496075,0
1694965688.609195,0
1694965688.727651,0
1694965688.839780,0
1694965688.951206,0
1694965689.103059,1
1694965689.219994,0
1694965689.331054,0
1694965689.448328,0
1694965689.562753,0
1694965689.680203,0
1694965689.806673,0
1694965689.924051,0
1694965690.039978,0
1694965690.167168,0
1694965690.281558,0
1694965690.397881,0
1694965690.509962,0
1694965690.622912,0
1694965690.762876,0
1694965690.894941,0
1694965691.008366,0
1694965691.145951,0
1694965691.285031,0
1694965691.501350,0
1694965691.649056,0
1694965691.765673,0
1694965691.889976,0
1694965692.007935,0
