1694966464.857425,0
1694966464.974525,16
1694966465.086741,40
1694966465.199509,77
1694966465.312136,100
1694966465.423624,99
1694966465.542335,100
1694966465.658415,100
1694966465.769095,100
1694966465.881339,100
1694966465.993819,99
1694966466.107252,97
1694966466.220310,100
1694966466.340602,98
1694966466.464688,99
1694966466.576709,100
1694966466.689925,97
1694966466.815702,96
1694966466.929984,100
1694966467.046036,96
1694966467.167728,99
1694966467.305402,84
1694966467.573832,73
1694966467.691181,66
1694966467.806039,63
1694966467.924027,47
1694966468.039961,46
1694966468.156543,46
1694966468.276023,49
1694966468.390544,44
1694966468.506319,40
1694966468.622115,41
1694966468.753506,52
1694966468.866463,61
1694966469.047164,73
1694966469.225959,77
1694966469.345571,71
1694966469.485011,69
1694966469.606345,47
1694966469.727804,54
1694966469.853020,45
1694966469.965980,63
1694966470.077709,83
1694966470.192910,75
1694966470.305118,71
1694966470.420415,46
1694966470.542779,44
1694966470.659628,46
1694966470.782336,47
1694966470.892995,46
1694966471.006474,48
1694966471.122669,46
1694966471.240666,47
1694966471.355090,47
1694966471.469904,48
1694966471.632207,49
1694966471.750199,48
1694966471.868371,50
1694966472.014810,49
1694966472.133657,49
1694966472.246733,51
1694966472.358527,51
1694966472.480852,51
1694966472.594931,51
1694966472.709672,54
1694966472.826754,54
1694966473.007058,55
1694966473.119867,54
1694966473.302275,54
1694966473.561718,54
1694966473.677360,55
1694966473.794043,55
1694966473.908917,56
1694966474.020080,55
1694966474.135445,55
1694966474.247062,56
1694966474.360881,56
1694966474.476713,56
1694966474.593696,58
1694966474.708250,58
1694966474.837119,58
1694966474.949841,59
1694966475.068984,59
1694966475.181985,60
1694966475.295210,59
1694966475.409219,60
1694966475.527894,60
1694966475.641100,73
1694966475.757848,80
1694966475.877282,82
1694966475.992430,84
1694966476.106811,87
1694966476.225830,90
1694966476.344814,85
1694966476.458638,63
1694966476.574172,63
1694966476.685519,74
1694966476.796575,84
1694966476.912687,80
1694966477.027692,92
1694966477.139258,97
1694966477.279878,93
1694966477.397308,95
1694966477.509395,69
1694966477.621580,69
1694966477.733249,77
1694966477.845602,79
1694966477.964945,87
1694966478.078155,85
1694966478.191426,88
1694966478.309820,100
1694966478.421518,94
1694966478.535174,86
1694966478.644969,70
1694966478.838462,71
1694966478.954830,72
1694966479.067243,71
1694966479.180189,69
1694966479.354442,68
1694966479.474130,69
1694966479.586603,71
1694966479.700164,69
1694966479.907666,72
1694966480.022740,72
1694966480.133302,72
1694966480.279475,68
1694966480.404357,71
1694966480.547102,70
1694966480.660738,70
1694966480.778043,74
1694966480.896334,72
1694966481.010191,72
1694966481.123470,72
1694966481.237382,74
1694966481.353561,74
1694966481.506163,75
1694966481.618764,75
1694966481.735346,75
1694966481.852264,76
1694966481.968619,75
1694966482.080407,77
1694966482.194490,75
1694966482.314019,76
1694966482.429481,76
1694966482.541331,77
1694966482.653640,77
1694966482.771388,78
1694966482.883628,77
1694966482.994859,77
1694966483.284347,78
1694966483.513241,78
1694966483.627549,79
1694966483.741312,78
1694966483.857941,79
1694966483.977593,79
1694966484.091488,79
1694966484.205854,80
1694966484.321685,81
1694966484.440152,92
1694966484.560731,92
1694966484.678148,99
1694966484.792983,99
1694966484.920148,95
1694966485.032277,97
1694966485.144639,99
1694966485.268105,64
1694966485.380701,46
1694966485.504124,21
1694966485.617312,31
1694966485.734404,61
1694966485.848182,77
1694966485.966484,40
1694966486.089316,25
1694966486.200800,35
1694966486.318178,46
1694966486.431936,54
1694966486.547027,26
1694966486.659182,27
1694966486.776825,26
1694966486.887399,26
1694966486.999561,27
1694966487.112777,28
1694966487.226720,29
1694966487.341619,30
1694966487.458144,32
1694966487.576833,31
1694966487.698234,32
1694966487.847409,33
1694966487.968297,35
1694966488.277380,33
1694966488.389423,36
1694966488.502243,35
1694966488.617239,35
1694966488.731465,37
1694966488.846247,38
1694966488.967571,37
1694966489.081567,38
1694966489.198275,37
1694966489.311434,37
1694966489.424547,40
1694966489.540401,40
1694966489.652533,40
1694966489.765669,41
1694966489.878336,42
1694966490.012326,43
1694966490.127127,44
1694966490.243884,42
1694966490.360603,43
1694966490.476145,44
1694966490.592306,45
1694966490.704717,45
1694966490.824048,47
1694966490.936731,46
1694966491.050793,48
1694966491.163639,46
1694966491.276316,47
1694966491.392898,48
1694966491.507284,48
1694966491.620429,51
1694966491.733585,56
1694966491.848402,59
1694966491.963138,66
1694966492.076247,70
1694966492.192295,80
1694966492.309085,78
1694966492.422711,54
1694966492.538720,53
1694966492.661925,64
1694966492.777897,72
1694966492.908059,70
1694966493.021590,80
1694966493.136051,86
1694966493.259220,83
1694966493.375468,61
1694966493.496345,57
1694966493.616349,67
1694966493.737137,65
1694966493.857107,75
1694966493.968933,79
1694966494.088613,79
1694966494.205347,88
1694966494.347481,79
1694966494.478426,58
1694966494.590603,59
1694966494.702218,60
1694966494.865295,58
1694966495.292007,58
1694966495.405761,57
1694966495.522108,58
1694966495.633532,58
1694966495.745706,58
1694966496.237172,60
1694966496.372647,61
1694966496.484875,59
1694966496.608633,60
1694966496.722642,61
1694966496.834549,60
1694966496.947076,61
1694966497.064618,64
1694966497.182319,62
1694966497.294819,63
1694966497.409482,63
1694966497.524016,63
1694966497.642674,63
1694966497.755865,65
1694966497.880891,65
1694966497.996322,66
1694966498.117295,64
1694966498.233711,66
1694966498.349414,65
1694966498.571290,67
1694966498.685671,66
1694966498.812184,66
1694966498.954202,63
1694966499.080215,67
1694966499.345559,57
1694966499.470031,68
1694966499.584356,67
1694966499.704483,68
1694966499.829208,79
1694966499.945917,89
1694966500.074166,85
1694966500.188793,91
1694966500.304658,92
1694966500.417073,95
1694966500.545448,91
1694966500.721031,86
1694966500.836906,77
1694966500.950819,73
1694966501.066396,73
1694966501.180447,73
1694966501.296833,73
1694966501.411874,82
1694966501.528035,83
1694966501.737069,93
1694966501.849485,94
1694966502.065943,87
1694966502.181405,97
1694966502.304205,100
1694966502.426318,90
1694966502.548126,92
1694966502.683973,92
1694966502.818940,95
1694966502.936985,92
1694966503.063877,77
1694966503.187314,76
1694966503.309602,78
1694966503.458072,78
1694966503.576712,87
1694966503.697965,82
1694966503.816114,90
1694966503.951876,96
1694966504.069605,98
1694966504.187394,93
1694966504.304104,93
1694966504.420406,96
1694966504.559645,97
1694966504.690893,83
1694966504.808757,80
1694966504.939961,78
1694966505.063524,79
1694966505.185852,79
1694966505.300694,79
1694966505.421073,79
1694966505.533317,80
1694966505.648058,80
1694966505.761942,80
1694966505.877207,80
1694966505.989520,81
1694966506.102867,81
1694966506.217787,80
1694966506.337827,81
1694966506.452841,82
1694966506.565298,83
1694966506.678681,82
1694966506.794685,83
1694966506.909052,82
1694966507.027030,84
1694966507.144758,84
1694966507.259444,83
1694966507.379057,84
1694966507.494854,85
1694966507.610501,84
1694966507.729033,85
1694966507.845879,85
1694966507.958963,85
1694966508.077401,87
1694966508.197240,86
1694966508.316171,85
1694966508.432239,86
1694966508.546310,86
1694966508.658083,88
1694966508.772471,87
1694966508.890036,88
1694966509.009974,88
1694966509.126559,88
1694966509.248609,88
1694966509.363911,88
1694966509.479098,89
1694966509.595459,90
1694966509.709581,90
1694966509.827227,91
1694966509.948281,91
1694966510.068157,99
1694966510.185081,98
1694966510.299423,100
1694966510.501661,99
1694966510.663040,93
1694966510.780291,61
1694966510.893065,54
1694966511.009684,53
1694966511.123648,54
1694966511.240423,53
1694966511.356557,56
1694966511.500925,54
1694966511.624533,56
1694966511.748053,58
1694966511.869432,57
1694966511.984111,55
1694966512.111602,52
1694966512.228156,50
1694966512.345158,60
1694966512.462692,69
1694966512.646039,70
1694966512.822596,72
1694966512.945238,73
1694966513.063454,81
1694966513.177485,78
1694966513.290364,55
1694966513.406631,62
1694966513.519725,62
1694966513.641070,72
1694966513.769935,70
1694966514.200758,73
1694966514.333632,86
1694966514.476510,84
1694966514.588971,84
1694966514.701830,57
1694966514.819129,55
1694966514.934210,54
1694966515.047327,55
1694966515.164128,53
1694966515.283661,56
1694966515.568343,56
1694966515.681996,57
1694966515.797341,56
1694966515.908105,58
1694966516.024385,57
1694966516.139229,58
1694966516.312074,58
1694966516.490739,58
1694966516.688591,57
1694966516.805500,59
1694966516.922589,61
1694966517.037408,60
1694966517.150085,60
1694966517.272012,60
1694966517.580997,62
1694966517.710789,62
1694966517.825733,63
1694966517.938137,62
1694966518.055571,61
1694966518.171353,63
1694966518.286876,64
1694966518.403143,63
1694966518.524687,64
1694966518.640753,65
1694966518.752983,66
1694966518.882307,65
1694966518.998262,66
1694966519.165944,67
1694966519.283817,67
1694966519.398539,66
1694966519.513900,66
1694966519.633200,66
1694966519.746535,68
1694966519.861130,68
1694966519.974005,79
1694966520.113143,80
1694966520.228255,88
1694966520.347764,89
1694966520.465971,91
1694966520.584266,92
1694966520.702521,93
1694966520.816765,90
1694966520.930215,79
1694966521.042194,80
1694966521.162913,76
1694966521.276185,71
1694966521.391281,73
1694966521.507373,73
1694966521.617933,81
1694966521.734515,79
1694966521.849510,92
1694966521.973302,91
1694966522.086942,94
1694966522.200679,99
1694966522.316774,95
1694966522.429893,96
1694966522.549570,84
1694966522.792897,86
1694966522.906867,77
1694966523.020020,76
1694966523.150008,85
1694966523.270676,87
1694966523.395938,95
1694966523.541565,95
1694966523.658494,96
1694966523.772826,94
1694966523.890259,96
1694966524.008896,93
1694966524.122956,92
1694966524.239717,91
1694966524.358116,92
1694966524.471136,83
1694966524.588375,81
1694966524.705386,79
1694966524.828762,79
1694966524.948074,79
1694966525.600043,79
1694966525.720552,78
1694966525.839674,80
1694966525.999997,80
1694966526.117481,79
1694966526.229901,79
1694966526.344590,80
1694966526.464130,80
1694966526.580209,79
1694966526.718611,80
1694966526.843283,78
1694966526.961487,82
1694966527.077580,81
1694966527.202480,82
1694966527.316691,81
1694966527.438320,81
1694966527.574749,82
1694966527.692489,82
1694966527.813449,83
1694966527.930541,84
1694966528.073918,82
1694966528.186273,84
1694966528.301757,83
1694966528.508465,84
1694966528.660427,84
1694966528.774716,83
1694966528.902641,83
1694966529.032969,82
1694966529.162028,83
1694966529.274800,85
1694966529.394759,80
1694966529.579454,57
1694966529.715688,10
