1695051531.798078,0
1695051531.911946,16
1695051532.025434,46
1695051532.189131,80
1695051532.317203,100
1695051532.441946,99
1695051532.563537,98
1695051532.678631,99
1695051532.793490,99
1695051532.911217,99
1695051533.029690,97
1695051533.138632,97
1695051533.249190,99
1695051533.366622,93
1695051533.478711,95
1695051533.596166,94
1695051533.713694,67
1695051533.829576,64
1695051533.946247,52
1695051534.069425,41
1695051534.183829,43
1695051534.309823,34
1695051534.432351,34
1695051534.548525,45
1695051534.662981,53
1695051534.887639,78
1695051535.024829,86
1695051535.155129,36
1695051535.270205,37
1695051535.385443,47
1695051535.518877,52
1695051535.647158,77
1695051535.765390,88
1695051535.879223,62
1695051535.988396,57
1695051536.102150,39
1695051536.216568,39
1695051536.350806,38
1695051536.465723,40
1695051536.578872,40
1695051536.742971,41
1695051536.869176,40
1695051536.987889,43
1695051537.118873,42
1695051537.242243,42
1695051537.367353,43
1695051537.504472,44
1695051537.642578,43
1695051537.763341,45
1695051537.874050,45
1695051538.012787,45
1695051538.139412,47
1695051538.258913,47
1695051538.385863,47
1695051538.510256,47
1695051538.625309,48
1695051538.745307,48
1695051538.857479,50
1695051539.006551,48
1695051539.131091,50
1695051539.251094,52
1695051539.368919,51
1695051539.491134,50
1695051539.616940,49
1695051539.746176,52
1695051539.871477,54
1695051540.018094,50
1695051540.140439,53
1695051540.253790,53
1695051540.394236,51
1695051540.512909,56
1695051540.634120,55
1695051540.752255,55
1695051540.902827,52
1695051541.103409,55
1695051541.217543,69
1695051541.386506,78
1695051541.510593,74
1695051541.623731,80
1695051541.737482,87
1695051541.852206,87
1695051541.998702,59
1695051542.140288,61
1695051542.325929,61
1695051542.462423,64
1695051542.586131,80
1695051542.710858,85
1695051542.825319,87
1695051542.973773,90
1695051543.111108,90
1695051543.298375,65
1695051543.410283,68
1695051543.520999,76
1695051543.630477,76
1695051543.740711,85
1695051543.853837,79
1695051543.970449,85
1695051544.086628,97
1695051544.202196,95
1695051544.319215,75
1695051544.432462,68
1695051544.545681,69
1695051544.657846,68
1695051544.776715,68
1695051544.890973,65
1695051545.001594,68
1695051545.115719,65
1695051545.230025,67
1695051545.343825,69
1695051545.459631,68
1695051545.574162,69
1695051545.695396,68
1695051545.811280,71
1695051546.246576,65
1695051546.365758,69
1695051546.484430,68
1695051546.605446,65
1695051546.732519,71
1695051546.850334,68
1695051546.977793,72
1695051547.188450,69
1695051547.321936,68
1695051547.440072,71
1695051547.582010,71
1695051547.703432,70
1695051547.895171,73
1695051548.043361,72
1695051548.166964,73
1695051548.281008,74
1695051548.405315,73
1695051548.529497,73
1695051548.660251,75
1695051548.920144,76
1695051549.047081,76
1695051549.160981,75
1695051549.282444,74
1695051549.397216,75
1695051549.540083,76
1695051549.672632,75
1695051549.798792,78
1695051549.939170,76
1695051550.057401,87
1695051550.197791,87
1695051550.331558,100
1695051550.474060,95
1695051550.589644,98
1695051550.705912,98
1695051550.824241,100
1695051550.939144,95
1695051551.051315,90
1695051551.169537,83
1695051551.284951,39
1695051551.399077,40
1695051551.531562,48
1695051551.645707,59
1695051551.764569,77
1695051551.881155,77
1695051552.002633,75
1695051552.117706,50
1695051552.230769,40
1695051552.355449,40
1695051552.479147,49
1695051552.595125,60
1695051552.715036,81
1695051552.836062,76
1695051552.953315,73
1695051553.068681,43
1695051553.184676,43
1695051553.298217,44
1695051553.421659,44
1695051553.538526,44
1695051553.651342,45
1695051553.781104,45
1695051553.900053,45
1695051554.016991,45
1695051554.149914,47
1695051554.261834,47
1695051554.375051,49
1695051554.509897,47
1695051554.621669,49
1695051554.733797,49
1695051554.846186,48
1695051554.966337,50
1695051555.079862,51
1695051555.194474,50
1695051555.318242,53
1695051555.445894,54
1695051555.558067,50
1695051555.678098,52
1695051556.108605,55
1695051556.261742,56
1695051556.506220,56
1695051556.618759,56
1695051556.734463,54
1695051556.847316,55
1695051556.966884,55
1695051557.082438,56
1695051557.205370,55
1695051557.330693,56
1695051557.454410,55
1695051557.717949,56
1695051558.180693,57
1695051558.299518,57
1695051558.421501,67
1695051558.535703,68
1695051558.684277,79
1695051558.811863,75
1695051558.929717,79
1695051559.050177,89
1695051559.168902,89
1695051559.283226,69
1695051559.408381,63
1695051559.528959,59
1695051559.651168,71
1695051559.776525,80
1695051559.895365,82
1695051560.025531,82
1695051560.144936,96
1695051560.277212,91
1695051560.395981,76
1695051560.529899,66
1695051560.652677,65
1695051560.768813,64
1695051560.896975,74
1695051561.024480,85
1695051561.140017,83
1695051561.261642,83
1695051561.393120,91
1695051561.511221,96
1695051561.654966,85
1695051561.773789,68
1695051561.892585,69
1695051562.040095,65
1695051562.175582,66
1695051562.293651,66
1695051562.414556,67
1695051562.538682,67
1695051562.657955,67
1695051562.774145,67
1695051562.893922,69
1695051563.013097,67
1695051563.141338,69
1695051563.257539,68
1695051563.386708,71
1695051563.506181,70
1695051563.639522,71
1695051563.761198,69
1695051563.884604,71
1695051564.123417,68
1695051564.242503,72
1695051564.363847,71
1695051564.521066,73
1695051564.637311,72
1695051564.866651,74
1695051564.992860,75
1695051565.151332,71
1695051565.284862,73
1695051565.410497,74
1695051565.541173,74
1695051565.659123,75
1695051565.781330,73
1695051565.902977,76
1695051566.029369,73
1695051566.149745,73
1695051566.268812,74
1695051566.390759,75
1695051566.518565,74
1695051566.634905,76
1695051566.771086,75
1695051566.889156,76
1695051567.007413,87
1695051567.129630,87
1695051567.250281,96
1695051567.380126,99
1695051567.533320,97
1695051567.651271,98
1695051567.779661,97
1695051567.906152,97
1695051568.035914,97
1695051568.155339,91
1695051568.281630,87
1695051568.400290,40
1695051568.521003,38
1695051568.645521,47
1695051568.766558,57
1695051568.885717,82
1695051569.017605,77
1695051569.144910,77
1695051569.274122,72
1695051569.394715,42
1695051569.511492,40
1695051569.629702,53
1695051569.761064,62
1695051569.880367,57
1695051569.995902,81
1695051570.114135,75
1695051570.244347,61
1695051570.372721,45
1695051570.498872,44
1695051570.626638,44
1695051570.796931,45
1695051570.918749,47
1695051571.041370,46
1695051571.158311,45
1695051571.291573,45
1695051571.418507,45
1695051571.540908,47
1695051571.675966,47
1695051571.794279,46
1695051571.911411,48
1695051572.028283,48
1695051572.156348,48
1695051572.275226,48
1695051572.393253,50
1695051572.510674,50
1695051572.632116,51
1695051572.757598,52
1695051572.876449,52
1695051572.999476,53
1695051573.124942,54
1695051573.256171,51
1695051573.387082,54
1695051573.505653,56
1695051573.626084,55
1695051573.753931,53
1695051573.874915,54
1695051573.993960,57
1695051574.114824,57
1695051574.231692,57
1695051574.356628,56
1695051574.477262,57
1695051574.590991,57
1695051574.711886,55
1695051574.828137,56
1695051574.953372,58
1695051575.072834,59
1695051575.189497,60
1695051575.319856,60
1695051575.438209,62
1695051575.556513,60
1695051575.674821,70
1695051575.798565,81
1695051575.952584,77
1695051576.068586,83
1695051576.185494,91
1695051576.306008,84
1695051576.427530,65
1695051576.555477,64
1695051576.675788,63
1695051576.799084,74
1695051576.918533,82
1695051577.036397,82
1695051577.160836,88
1695051577.281875,85
1695051577.406878,92
1695051577.525241,93
1695051577.650567,72
1695051577.773718,67
1695051577.901888,65
1695051578.022961,76
1695051578.167124,85
1695051578.298204,85
1695051578.415632,90
1695051578.535799,90
1695051578.664762,95
1695051578.797348,92
1695051578.914153,75
1695051579.034602,74
1695051579.165434,68
1695051579.281729,71
1695051579.398938,70
1695051579.531246,68
1695051579.652573,68
1695051579.781547,70
1695051579.907179,71
1695051580.042866,71
1695051580.160242,69
1695051580.277823,71
1695051580.532916,70
1695051580.662379,74
1695051581.147157,73
1695051581.274679,72
1695051581.393005,72
1695051581.512151,71
1695051581.631220,73
1695051581.759781,72
1695051581.876240,75
1695051581.993054,74
1695051582.125415,75
1695051582.245537,73
1695051582.367005,73
1695051582.493400,75
1695051582.611481,75
1695051582.744209,76
1695051582.866474,78
1695051582.997045,76
1695051583.112555,77
1695051583.232963,78
1695051583.354403,75
1695051583.469797,77
1695051583.634278,77
1695051583.757344,79
1695051583.888005,78
1695051584.004750,76
1695051584.123836,77
1695051584.241732,79
1695051584.409346,79
1695051584.552495,82
1695051584.685421,80
1695051584.801698,91
1695051584.924387,87
1695051585.202245,97
1695051585.326812,97
1695051585.444282,97
1695051585.570774,97
1695051585.690874,96
1695051585.820940,87
1695051585.943925,78
1695051586.194604,58
1695051586.319862,29
1695051586.444009,12
1695051586.568139,17
1695051586.688982,38
1695051586.820491,56
1695051586.942839,63
1695051587.069514,20
1695051587.185420,32
1695051587.305653,40
1695051587.458156,85
1695051587.584772,52
1695051587.704280,24
1695051587.823297,23
1695051587.939392,24
1695051588.072363,23
1695051588.198473,25
1695051588.320672,27
1695051588.438196,30
1695051588.566289,29
1695051588.694013,28
1695051588.814889,28
1695051588.933213,31
1695051589.065558,30
1695051589.201709,34
1695051589.328928,30
1695051589.516353,33
1695051589.647200,33
1695051589.770842,33
1695051589.900823,32
1695051590.037577,35
1695051590.158946,35
1695051590.272896,35
1695051590.398042,36
1695051590.568421,37
1695051590.698068,36
1695051591.146563,37
1695051591.272659,40
1695051591.396530,38
1695051591.536843,35
1695051591.653040,39
1695051591.769926,40
1695051591.891251,40
1695051592.022100,43
1695051592.147019,41
1695051592.273372,41
1695051592.393366,42
1695051592.508687,45
1695051592.630364,43
1695051592.751666,45
1695051592.871147,56
1695051592.993995,48
1695051593.114672,65
1695051593.251456,88
1695051593.369185,88
1695051593.493491,80
1695051593.625908,52
1695051593.746112,52
1695051593.870764,60
1695051594.007316,63
1695051594.126469,68
1695051594.243412,89
1695051594.377185,92
1695051594.494202,82
1695051594.613433,54
1695051594.738953,54
1695051594.855862,59
1695051594.978182,61
1695051595.094228,63
1695051595.222171,73
1695051595.347247,84
1695051595.467642,83
1695051595.595166,55
1695051595.715326,54
1695051595.831533,54
1695051595.946852,41
1695051596.064775,0
1695051596.181943,0
1695051596.299053,0
1695051596.413599,0
1695051596.526700,0
1695051596.641102,0
1695051596.757026,0
1695051596.872102,0
1695051596.987804,0
1695051597.103056,0
1695051597.214811,0
1695051597.330991,0
1695051597.446941,0
1695051597.571482,0
1695051597.692466,0
1695051597.808816,0
1695051597.924485,0
1695051598.063522,0
1695051598.201776,0
1695051598.317239,0
1695051598.438383,0
1695051598.558281,0
1695051598.687451,1
1695051598.804268,0
1695051598.920930,0
1695051599.099643,0
1695051599.215435,0
1695051599.331648,0
1695051599.778887,0
1695051599.898270,0
1695051600.019199,0
1695051600.142023,0
1695051600.252608,0
1695051600.365649,0
1695051600.481108,0
1695051600.618965,0
