1694959772.405315,0
1694959772.520071,1
1694959772.633654,0
1694959772.744287,1
1694959772.857225,0
1694959772.968950,0
1694959773.079588,0
1694959773.190514,1
1694959773.358728,1
1694959773.468279,0
1694959773.579074,0
1694959773.688688,0
1694959773.797993,1
1694959773.913668,1
1694959774.033198,0
1694959774.144285,0
1694959774.254713,1
1694959774.368817,0
1694959774.481609,1
1694959774.600180,11
1694959774.709495,1
1694959774.832780,0
1694959774.953530,0
1694959775.069778,0
1694959775.179026,0
1694959775.287345,0
1694959775.401163,1
1694959775.518264,0
1694959775.626785,1
1694959775.739087,0
1694959775.848019,1
1694959775.958146,1
1694959776.068032,0
1694959776.176989,0
1694959776.289773,0
1694959776.398893,1
1694959776.508443,0
1694959776.617688,0
1694959776.726695,0
1694959776.838697,1
1694959776.953829,1
1694959777.062886,10
1694959777.171647,1
1694959777.280055,0
1694959777.390902,8
1694959777.499212,1
1694959777.608884,0
1694959777.720898,0
1694959777.832960,0
1694959777.952140,2
1694959778.061906,0
1694959778.204718,3
1694959778.317077,0
1694959778.436992,1
1694959778.546174,0
1694959778.686452,20
1694959778.852929,0
1694959779.013884,0
1694959779.125225,0
1694959779.231243,0
1694959779.343367,0
1694959779.454510,0
1694959779.562768,0
1694959779.671940,1
1694959779.779157,0
1694959780.045583,1
1694959780.158769,0
1694959780.270334,9
1694959780.380043,0
1694959780.489021,1
1694959780.599892,5
1694959780.709514,0
1694959780.818406,0
1694959780.927388,0
1694959781.035544,0
1694959781.143671,1
1694959781.252925,0
1694959781.363820,0
1694959781.474610,0
1694959781.586677,0
1694959781.701100,0
1694959781.810178,0
1694959781.922354,14
1694959782.037097,0
1694959782.152077,2
1694959782.261376,0
1694959782.372737,0
1694959782.483834,1
1694959782.677120,1
1694959782.803763,0
1694959782.917289,0
1694959783.031054,1
1694959783.143778,3
1694959783.257698,20
1694959783.378510,1
1694959783.496053,0
1694959783.649404,0
1694959783.760654,0
1694959783.870077,1
1694959783.990142,1
1694959784.103155,1
1694959784.214832,0
1694959784.325638,0
1694959784.435286,0
1694959784.547265,1
1694959784.698250,13
1694959784.810568,13
1694959784.919607,1
1694959785.032258,0
1694959785.149905,1
1694959785.263555,0
1694959785.377398,0
1694959785.489432,1
1694959785.601241,0
1694959785.753029,0
1694959785.864651,1
1694959785.975360,11
1694959786.091149,10
1694959786.203740,0
1694959786.330977,1
1694959786.566880,0
1694959786.782015,1
1694959786.906513,0
1694959787.017031,0
1694959787.126397,1
1694959787.237272,0
1694959787.344771,20
1694959787.457317,1
1694959787.568676,0
1694959787.677662,0
1694959787.787807,0
1694959787.896420,0
1694959788.006461,1
1694959788.115397,0
1694959788.362615,0
1694959788.605546,0
1694959788.713780,3
1694959788.824433,8
1694959788.934955,0
1694959789.046092,0
1694959789.157255,0
1694959789.265917,0
1694959789.377975,0
1694959789.488283,0
1694959789.614450,0
1694959789.724179,0
1694959789.832037,0
1694959789.942348,0
1694959790.054600,0
1694959790.172672,19
1694959790.284750,0
1694959790.398874,0
1694959790.508515,0
1694959790.620100,1
1694959790.730258,0
1694959790.842436,0
1694959790.953948,0
1694959791.065965,0
1694959791.206570,0
1694959791.318764,1
1694959791.428177,1
1694959791.539997,13
1694959791.784850,1
1694959791.894877,0
1694959792.004110,0
1694959792.118903,1
1694959792.226538,0
1694959792.337382,0
1694959792.446861,1
1694959792.557212,0
1694959792.665986,0
1694959792.785526,1
1694959792.898788,13
1694959793.013481,1
1694959793.124374,1
1694959793.232778,1
1694959793.351436,0
1694959793.464055,0
1694959793.572402,1
1694959793.706316,0
1694959793.818185,0
1694959793.927911,0
1694959794.037924,0
1694959794.155341,11
1694959794.271687,1
1694959794.381655,0
1694959794.501702,1
1694959794.611804,0
1694959794.722354,0
1694959794.835011,0
1694959794.944080,1
1694959795.065372,0
1694959795.175339,0
1694959795.282925,0
1694959795.392728,0
1694959795.501436,0
1694959795.614700,0
1694959795.727029,4
1694959795.837581,20
1694959796.026193,12
1694959796.139955,0
1694959796.250594,0
1694959796.359036,0
1694959796.467017,0
1694959796.575636,0
1694959796.687383,0
1694959796.797301,1
1694959796.908322,1
1694959797.019319,0
1694959797.127198,0
1694959797.240649,20
1694959797.350326,0
1694959797.461251,1
1694959797.569779,0
1694959797.678506,1
1694959797.787697,0
1694959797.897621,0
1694959798.056490,0
1694959798.165630,0
1694959798.276160,0
1694959798.384982,0
1694959798.497815,1
1694959798.630580,20
1694959798.741298,3
1694959798.850899,0
1694959798.961604,0
1694959799.072515,0
1694959799.181138,0
1694959799.293714,0
1694959799.404868,0
1694959799.518419,0
1694959799.628465,0
1694959799.737414,1
1694959799.853862,1
1694959799.975476,11
1694959800.098057,12
1694959800.215902,0
1694959800.324753,0
1694959800.438241,0
1694959800.548944,1
1694959800.660405,1
1694959800.772388,0
1694959800.886529,0
1694959800.994933,0
1694959801.104167,0
1694959801.213437,0
1694959801.322546,0
1694959801.470476,0
1694959801.582547,1
1694959801.690916,18
1694959801.802811,18
1694959801.914512,0
1694959802.029815,1
1694959802.140609,1
1694959802.248803,0
1694959802.358051,0
1694959802.468069,1
1694959802.579236,1
1694959802.692679,0
1694959802.805030,1
1694959802.956716,6
1694959803.077494,8
1694959803.189883,7
1694959803.300404,0
1694959803.410787,1
1694959803.526693,1
1694959803.638495,0
1694959803.749592,0
1694959803.858957,0
1694959803.973715,0
1694959804.083413,0
1694959804.193756,1
1694959804.307208,1
1694959804.430821,7
1694959804.546434,19
1694959804.660753,0
1694959804.773388,1
1694959804.885266,0
1694959805.000535,2
1694959805.110954,1
1694959805.226333,0
1694959805.454833,0
1694959805.569326,0
1694959805.686153,1
1694959805.801116,20
1694959805.912372,8
1694959806.053963,1
1694959806.164301,0
1694959806.284956,0
1694959806.392514,1
1694959806.502020,0
1694959806.611613,1
1694959806.721683,0
1694959806.832911,0
1694959806.943216,0
1694959807.062279,0
1694959807.173738,17
1694959807.292299,0
1694959807.404495,0
1694959807.513649,1
1694959807.624461,0
1694959807.734015,0
1694959807.893544,0
1694959808.005799,0
1694959808.292697,0
1694959808.410459,0
1694959808.521780,0
1694959808.635801,0
1694959808.758266,1
1694959808.870209,0
1694959808.977975,11
1694959809.088605,0
1694959809.199805,1
1694959809.314983,0
1694959809.426035,1
1694959809.535275,0
1694959809.645113,1
1694959809.756193,1
1694959809.866339,0
1694959809.976361,0
1694959810.085355,0
1694959810.193789,20
1694959810.303793,1
1694959810.412881,0
1694959810.522762,0
1694959810.733375,0
1694959810.925054,3
1694959811.036615,0
1694959811.146344,1
1694959811.255928,0
1694959811.363426,0
1694959811.479353,0
1694959811.590356,0
1694959811.700803,0
1694959811.810655,0
1694959811.925485,7
1694959812.036856,16
1694959812.154827,1
1694959812.265667,0
1694959812.376498,0
1694959812.487324,0
1694959812.598836,0
1694959812.715569,1
1694959812.835128,0
1694959812.945050,1
1694959813.055109,0
1694959813.177435,0
1694959813.288033,0
1694959813.397019,10
1694959813.507287,0
1694959813.623579,0
1694959813.736642,1
1694959813.869042,0
1694959813.977057,0
1694959814.086733,1
1694959814.196187,0
1694959814.308601,0
1694959814.420820,1
1694959814.529572,0
1694959814.643077,13
1694959814.758677,11
1694959814.869437,0
1694959814.982499,1
1694959815.145656,3
1694959815.336008,0
1694959815.449657,1
1694959815.564065,1
1694959815.671834,0
1694959815.786969,1
1694959815.894904,0
1694959816.004323,11
1694959816.117683,0
1694959816.229115,1
1694959816.341010,0
1694959816.452139,0
1694959816.561102,0
1694959816.676529,1
1694959816.783980,1
1694959816.891629,0
1694959817.000411,0
1694959817.110184,0
1694959817.222237,0
1694959817.338633,7
1694959817.448734,0
1694959817.561895,1
1694959817.671505,0
1694959817.781334,1
1694959817.892274,0
1694959818.001955,0
1694959818.112778,0
1694959818.226324,0
1694959818.337798,1
1694959818.451414,0
1694959818.577125,0
1694959818.794332,1
1694959818.903397,0
1694959819.019925,10
1694959819.176493,7
1694959819.288454,0
1694959819.396001,0
1694959819.507396,1
1694959819.615643,0
1694959819.754885,1
1694959819.863085,0
1694959819.972333,0
1694959820.082334,0
1694959820.199855,0
1694959820.308931,0
1694959820.417182,5
1694959820.563483,1
1694959820.677613,0
1694959820.787157,0
1694959820.902021,0
1694959821.022701,0
1694959821.135025,1
1694959821.246262,0
1694959821.356406,0
1694959821.465291,0
1694959821.579244,0
1694959821.689591,18
1694959821.801124,7
1694959821.910713,0
1694959822.019204,0
1694959822.129932,1
1694959822.248019,1
1694959822.357184,1
1694959822.468752,1
1694959822.582586,1
1694959822.691841,0
1694959822.805564,0
1694959822.917822,1
1694959823.028434,0
1694959823.136263,0
1694959823.251596,4
1694959823.366334,2
1694959823.475413,0
1694959823.588493,0
1694959823.701777,0
1694959823.815366,0
1694959824.014715,0
1694959824.125797,1
1694959824.234953,0
1694959824.343864,0
1694959824.464665,1
1694959824.585171,0
1694959824.698995,9
1694959824.809196,0
1694959824.928180,1
1694959825.042247,1
1694959825.151905,1
1694959825.264741,1
1694959825.382252,0
1694959825.492613,0
1694959825.606897,0
1694959825.719000,0
1694959825.829966,0
1694959825.942127,19
1694959826.050401,0
1694959826.158172,0
1694959826.269601,0
1694959826.386784,9
1694959826.497541,0
1694959826.614842,0
1694959826.723236,0
1694959826.832670,0
1694959826.942193,0
1694959827.054981,0
1694959827.164386,1
1694959827.275825,1
1694959827.387166,1
1694959827.497004,1
1694959827.607374,3
1694959827.720576,9
1694959827.831282,0
1694959827.941666,0
1694959828.051364,0
1694959828.198618,0
1694959828.438317,0
1694959828.595780,0
1694959828.795775,0
1694959828.912107,6
1694959829.022964,19
1694959829.133495,0
1694959829.242256,0
1694959829.372758,1
1694959829.492750,10
1694959829.604114,0
1694959829.713165,0
1694959829.821986,0
1694959829.930275,0
1694959830.040810,0
1694959830.152313,1
1694959830.262404,0
1694959830.375864,0
1694959830.485607,1
1694959830.598950,0
1694959830.714069,19
1694959830.858079,5
1694959830.966254,0
1694959831.077526,1
1694959831.185863,0
1694959831.299754,1
1694959831.409274,0
1694959831.528084,1
1694959831.637026,0
1694959831.749424,0
1694959831.871590,0
1694959831.982380,0
1694959832.114608,0
1694959832.228137,0
1694959832.424293,15
1694959832.538468,0
1694959832.650819,1
1694959832.760540,0
1694959832.871257,1
1694959832.982889,1
1694959833.094636,0
1694959833.228256,0
1694959833.456600,0
